# Began on:  2021-07-07 08:54:09.232917
0	12.71	0.3282	10	[13.64, 12.61, 12.61, 12.61, 12.6, 12.6, 12.6, 12.6, 12.6, 12.59]
1	14.06	0.0074	10	[14.05, 14.05, 14.06, 14.06, 14.06, 14.06, 14.06, 14.07, 14.07, 14.07]
2	15.11	0.0000	10	[15.11, 15.11, 15.11, 15.11, 15.11, 15.11, 15.11, 15.11, 15.11, 15.11]
3	16.19	0.0000	10	[16.19, 16.19, 16.19, 16.19, 16.19, 16.19, 16.19, 16.19, 16.19, 16.19]
4	17.16	0.0082	10	[17.15, 17.15, 17.15, 17.15, 17.15, 17.16, 17.16, 17.16, 17.17, 17.17]
5	18.42	0.1116	10	[18.33, 18.33, 18.34, 18.34, 18.34, 18.34, 18.55, 18.55, 18.55, 18.56]
6	19.58	0.1713	10	[19.64, 19.65, 19.65, 19.65, 19.66, 19.66, 19.66, 19.66, 19.37, 19.16]
7	20.23	0.0053	10	[20.23, 20.23, 20.23, 20.23, 20.23, 20.24, 20.24, 20.24, 20.24, 20.24]
8	21.22	0.0032	10	[21.21, 21.22, 21.22, 21.22, 21.22, 21.22, 21.22, 21.22, 21.22, 21.22]
9	22.30	0.0047	10	[22.29, 22.3, 22.3, 22.3, 22.3, 22.3, 22.3, 22.3, 22.3, 22.31]
10	23.33	0.0052	10	[23.33, 23.33, 23.33, 23.33, 23.33, 23.33, 23.34, 23.34, 23.34, 23.34]
11	24.38	0.0085	10	[24.37, 24.38, 24.38, 24.38, 24.38, 24.39, 24.39, 24.39, 24.39, 24.4]
12	25.41	0.0048	10	[25.4, 25.4, 25.4, 25.41, 25.41, 25.41, 25.41, 25.41, 25.41, 25.41]
13	26.67	0.1890	10	[26.45, 26.45, 26.45, 26.46, 26.82, 26.82, 26.82, 26.82, 26.82, 26.81]
14	27.63	0.0000	10	[27.63, 27.63, 27.63, 27.63, 27.63, 27.63, 27.63, 27.63, 27.63, 27.63]
15	28.60	0.0042	10	[28.59, 28.59, 28.6, 28.6, 28.6, 28.6, 28.6, 28.6, 28.6, 28.6]
16	29.12	0.0070	10	[29.11, 29.11, 29.11, 29.11, 29.11, 29.12, 29.12, 29.12, 29.12, 29.13]
17	30.69	0.0048	10	[30.69, 30.69, 30.69, 30.69, 30.69, 30.69, 30.69, 30.68, 30.68, 30.68]
18	31.67	0.0000	10	[31.67, 31.67, 31.67, 31.67, 31.67, 31.67, 31.67, 31.67, 31.67, 31.67]
19	32.78	0.0053	10	[32.77, 32.77, 32.77, 32.77, 32.77, 32.78, 32.78, 32.78, 32.78, 32.78]
20	33.91	0.0151	10	[33.9, 33.9, 33.9, 33.9, 33.91, 33.91, 33.92, 33.93, 33.93, 33.94]
21	35.00	0.1472	10	[35.11, 35.11, 35.11, 35.12, 35.12, 35.12, 34.83, 34.83, 34.83, 34.83]
22	35.81	0.0067	10	[35.8, 35.8, 35.81, 35.81, 35.81, 35.81, 35.81, 35.81, 35.82, 35.82]
23	36.91	0.0052	10	[36.91, 36.91, 36.91, 36.91, 36.91, 36.91, 36.92, 36.92, 36.92, 36.92]
24	37.91	0.0053	10	[37.9, 37.9, 37.9, 37.9, 37.9, 37.91, 37.91, 37.91, 37.91, 37.91]
25	39.10	0.1404	10	[39.05, 39.05, 39.05, 39.05, 39.06, 39.06, 39.06, 39.06, 39.07, 39.5]
26	40.40	0.1180	10	[40.49, 40.49, 40.49, 40.49, 40.49, 40.48, 40.26, 40.26, 40.26, 40.26]
27	41.18	0.0088	10	[41.17, 41.17, 41.17, 41.17, 41.18, 41.18, 41.18, 41.19, 41.19, 41.19]
28	42.31	0.0048	10	[42.3, 42.3, 42.3, 42.31, 42.31, 42.31, 42.31, 42.31, 42.31, 42.31]
29	43.41	0.0048	10	[43.41, 43.41, 43.41, 43.41, 43.41, 43.41, 43.41, 43.42, 43.42, 43.42]
30	44.48	0.0000	10	[44.48, 44.48, 44.48, 44.48, 44.48, 44.48, 44.48, 44.48, 44.48, 44.48]
31	45.42	0.0052	10	[45.42, 45.42, 45.42, 45.42, 45.42, 45.42, 45.43, 45.43, 45.43, 45.43]
32	45.92	0.0042	10	[45.91, 45.91, 45.92, 45.92, 45.92, 45.92, 45.92, 45.92, 45.92, 45.92]
33	47.56	0.0143	10	[47.54, 47.54, 47.54, 47.55, 47.55, 47.56, 47.56, 47.57, 47.57, 47.58]
34	48.38	0.1353	10	[48.58, 48.58, 48.58, 48.3, 48.3, 48.3, 48.3, 48.3, 48.3, 48.3]
35	49.35	0.0082	10	[49.34, 49.34, 49.34, 49.35, 49.35, 49.35, 49.35, 49.36, 49.36, 49.36]
36	50.41	0.0057	10	[50.4, 50.41, 50.41, 50.41, 50.41, 50.41, 50.41, 50.41, 50.42, 50.42]
37	51.52	0.0079	10	[51.51, 51.51, 51.51, 51.51, 51.52, 51.52, 51.52, 51.52, 51.53, 51.53]
38	52.58	0.0042	10	[52.57, 52.57, 52.58, 52.58, 52.58, 52.58, 52.58, 52.58, 52.58, 52.58]
39	53.61	0.0120	10	[53.59, 53.6, 53.6, 53.61, 53.61, 53.61, 53.62, 53.62, 53.62, 53.63]
40	54.71	0.0032	10	[54.71, 54.71, 54.71, 54.71, 54.71, 54.71, 54.71, 54.71, 54.71, 54.72]
41	55.90	0.1339	10	[55.81, 55.81, 55.81, 55.81, 55.81, 55.82, 55.82, 56.09, 56.09, 56.09]
42	57.03	0.0092	10	[57.04, 57.04, 57.04, 57.04, 57.04, 57.03, 57.03, 57.02, 57.02, 57.02]
43	57.97	0.0042	10	[57.97, 57.97, 57.97, 57.97, 57.97, 57.97, 57.97, 57.97, 57.98, 57.98]
44	59.16	0.0655	10	[58.97, 59.17, 59.17, 59.17, 59.18, 59.18, 59.18, 59.18, 59.18, 59.18]
45	60.22	0.0149	10	[60.24, 60.24, 60.23, 60.23, 60.22, 60.22, 60.21, 60.21, 60.2, 60.2]
46	61.07	0.0052	10	[61.07, 61.07, 61.07, 61.07, 61.07, 61.07, 61.08, 61.08, 61.08, 61.08]
47	62.08	0.0074	10	[62.07, 62.07, 62.08, 62.08, 62.08, 62.08, 62.08, 62.09, 62.09, 62.09]
48	62.11	0.0103	10	[62.09, 62.1, 62.1, 62.1, 62.11, 62.11, 62.11, 62.12, 62.12, 62.12]
49	63.92	0.1514	10	[63.49, 63.98, 63.98, 63.97, 63.97, 63.97, 63.97, 63.96, 63.96, 63.95]
50	64.83	0.0042	10	[64.82, 64.82, 64.83, 64.83, 64.83, 64.83, 64.83, 64.83, 64.83, 64.83]
51	65.91	0.0123	10	[65.9, 65.9, 65.9, 65.9, 65.91, 65.91, 65.92, 65.92, 65.93, 65.93]
52	67.01	0.1160	10	[67.12, 67.12, 67.12, 67.12, 67.12, 66.9, 66.9, 66.9, 66.9, 66.9]
53	67.99	0.0048	10	[67.98, 67.98, 67.98, 67.99, 67.99, 67.99, 67.99, 67.99, 67.99, 67.99]
54	69.03	0.0000	10	[69.03, 69.03, 69.03, 69.03, 69.03, 69.03, 69.03, 69.03, 69.03, 69.03]
55	70.10	0.0052	10	[70.1, 70.1, 70.1, 70.1, 70.1, 70.1, 70.11, 70.11, 70.11, 70.11]
56	71.16	0.0053	10	[71.15, 71.15, 71.15, 71.15, 71.15, 71.16, 71.16, 71.16, 71.16, 71.16]
57	72.17	0.0171	10	[72.15, 72.15, 72.16, 72.17, 72.17, 72.18, 72.18, 72.19, 72.19, 72.2]
58	73.31	0.0063	10	[73.3, 73.31, 73.31, 73.31, 73.31, 73.31, 73.31, 73.32, 73.32, 73.32]
59	74.39	0.0097	10	[74.37, 74.38, 74.38, 74.38, 74.38, 74.39, 74.39, 74.39, 74.4, 74.4]
60	75.44	0.0053	10	[75.44, 75.44, 75.44, 75.44, 75.44, 75.45, 75.45, 75.45, 75.45, 75.45]
61	76.56	0.0095	10	[76.54, 76.55, 76.55, 76.55, 76.56, 76.56, 76.56, 76.56, 76.57, 76.57]
62	77.50	0.0177	10	[77.48, 77.48, 77.49, 77.49, 77.5, 77.51, 77.51, 77.52, 77.52, 77.53]
63	78.65	0.0052	10	[78.65, 78.65, 78.65, 78.65, 78.65, 78.65, 78.66, 78.66, 78.66, 78.66]
64	78.67	0.0052	10	[78.66, 78.66, 78.66, 78.66, 78.67, 78.67, 78.67, 78.67, 78.67, 78.67]
65	80.19	0.0806	10	[80.16, 80.16, 80.16, 80.16, 80.17, 80.17, 80.17, 80.17, 80.17, 80.42]
66	81.57	0.0070	10	[81.57, 81.57, 81.57, 81.57, 81.57, 81.57, 81.57, 81.56, 81.56, 81.55]
67	82.45	0.0000	10	[82.45, 82.45, 82.45, 82.45, 82.45, 82.45, 82.45, 82.45, 82.45, 82.45]
68	83.44	0.0053	10	[83.43, 83.43, 83.43, 83.43, 83.43, 83.44, 83.44, 83.44, 83.44, 83.44]
69	84.61	0.0869	10	[84.36, 84.63, 84.63, 84.63, 84.63, 84.63, 84.64, 84.64, 84.64, 84.64]
70	85.61	0.0000	10	[85.61, 85.61, 85.61, 85.61, 85.61, 85.61, 85.61, 85.61, 85.61, 85.61]
71	86.71	0.0067	10	[86.7, 86.7, 86.7, 86.7, 86.71, 86.71, 86.71, 86.71, 86.71, 86.72]
72	87.77	0.0000	10	[87.77, 87.77, 87.77, 87.77, 87.77, 87.77, 87.77, 87.77, 87.77, 87.77]
73	88.85	0.0798	10	[88.82, 88.82, 88.82, 88.82, 88.83, 88.83, 88.84, 88.84, 88.85, 89.08]
74	90.01	0.0191	10	[89.98, 89.99, 89.99, 90.0, 90.01, 90.01, 90.02, 90.02, 90.03, 90.04]
75	91.01	0.1059	10	[91.16, 91.16, 91.17, 90.95, 90.95, 90.95, 90.94, 90.94, 90.94, 90.94]
76	91.90	0.0097	10	[91.88, 91.89, 91.89, 91.89, 91.89, 91.9, 91.9, 91.9, 91.91, 91.91]
77	93.05	0.0042	10	[93.05, 93.05, 93.05, 93.05, 93.05, 93.05, 93.05, 93.05, 93.06, 93.06]
78	94.15	0.1894	10	[94.05, 94.05, 94.06, 94.06, 94.06, 94.07, 94.07, 94.07, 94.51, 94.51]
79	95.47	0.0106	10	[95.48, 95.48, 95.48, 95.48, 95.48, 95.48, 95.47, 95.47, 95.46, 95.45]
80	95.14	0.0000	10	[95.14, 95.14, 95.14, 95.14, 95.14, 95.14, 95.14, 95.14, 95.14, 95.14]
81	96.69	0.0052	10	[96.68, 96.68, 96.68, 96.68, 96.69, 96.69, 96.69, 96.69, 96.69, 96.69]
82	97.70	0.0048	10	[97.69, 97.69, 97.69, 97.7, 97.7, 97.7, 97.7, 97.7, 97.7, 97.7]
83	98.77	0.0052	10	[98.76, 98.76, 98.76, 98.76, 98.77, 98.77, 98.77, 98.77, 98.77, 98.77]
84	99.81	0.0048	10	[99.8, 99.8, 99.8, 99.81, 99.81, 99.81, 99.81, 99.81, 99.81, 99.81]
85	100.83	0.0158	10	[100.8, 100.81, 100.81, 100.82, 100.82, 100.83, 100.83, 100.84, 100.84, 100.85]
86	101.95	0.0074	10	[101.94, 101.94, 101.95, 101.95, 101.95, 101.95, 101.95, 101.96, 101.96, 101.96]
87	103.11	0.0108	10	[103.09, 103.09, 103.1, 103.1, 103.1, 103.11, 103.11, 103.11, 103.12, 103.12]
88	104.30	0.0079	10	[104.29, 104.29, 104.3, 104.3, 104.3, 104.3, 104.31, 104.31, 104.31, 104.31]
89	105.26	0.0885	10	[105.43, 105.43, 105.22, 105.22, 105.22, 105.22, 105.22, 105.22, 105.22, 105.22]
90	106.18	0.0057	10	[106.17, 106.17, 106.18, 106.18, 106.18, 106.18, 106.18, 106.18, 106.18, 106.19]
91	107.30	0.0048	10	[107.3, 107.3, 107.3, 107.3, 107.3, 107.3, 107.3, 107.31, 107.31, 107.31]
92	108.33	0.0000	10	[108.33, 108.33, 108.33, 108.33, 108.33, 108.33, 108.33, 108.33, 108.33, 108.33]
93	109.43	0.0053	10	[109.42, 109.42, 109.42, 109.42, 109.42, 109.43, 109.43, 109.43, 109.43, 109.43]
94	110.47	0.0032	10	[110.46, 110.47, 110.47, 110.47, 110.47, 110.47, 110.47, 110.47, 110.47, 110.47]
95	111.53	0.0063	10	[111.52, 111.52, 111.52, 111.53, 111.53, 111.53, 111.53, 111.53, 111.53, 111.54]
96	111.53	0.0048	10	[111.53, 111.53, 111.53, 111.53, 111.53, 111.53, 111.53, 111.52, 111.52, 111.52]
97	113.00	0.0052	10	[112.99, 112.99, 112.99, 112.99, 113.0, 113.0, 113.0, 113.0, 113.0, 113.0]
98	114.02	0.0063	10	[114.01, 114.02, 114.02, 114.02, 114.02, 114.02, 114.02, 114.03, 114.03, 114.03]
99	115.18	0.0042	10	[115.17, 115.17, 115.18, 115.18, 115.18, 115.18, 115.18, 115.18, 115.18, 115.18]
100	116.18	0.0052	10	[116.17, 116.17, 116.17, 116.17, 116.18, 116.18, 116.18, 116.18, 116.18, 116.18]
101	117.31	0.0053	10	[117.3, 117.3, 117.3, 117.3, 117.3, 117.31, 117.31, 117.31, 117.31, 117.31]
102	118.35	0.0032	10	[118.35, 118.35, 118.35, 118.35, 118.35, 118.35, 118.35, 118.35, 118.35, 118.36]
103	119.34	0.0158	10	[119.32, 119.33, 119.33, 119.34, 119.34, 119.35, 119.35, 119.36, 119.36, 119.37]
104	120.43	0.0082	10	[120.42, 120.42, 120.42, 120.43, 120.43, 120.43, 120.43, 120.44, 120.44, 120.44]
105	121.59	0.0052	10	[121.59, 121.59, 121.59, 121.59, 121.59, 121.59, 121.6, 121.6, 121.6, 121.6]
106	122.61	0.0079	10	[122.6, 122.6, 122.61, 122.61, 122.61, 122.61, 122.62, 122.62, 122.62, 122.62]
107	123.75	0.0048	10	[123.75, 123.75, 123.75, 123.75, 123.75, 123.75, 123.75, 123.76, 123.76, 123.76]
108	124.81	0.0869	10	[124.56, 124.84, 124.84, 124.84, 124.84, 124.83, 124.83, 124.83, 124.83, 124.83]
109	125.88	0.0079	10	[125.87, 125.87, 125.88, 125.88, 125.88, 125.88, 125.89, 125.89, 125.89, 125.89]
110	126.94	0.0048	10	[126.93, 126.93, 126.93, 126.94, 126.94, 126.94, 126.94, 126.94, 126.94, 126.94]
111	127.92	0.0120	10	[127.9, 127.91, 127.91, 127.91, 127.92, 127.92, 127.92, 127.93, 127.93, 127.94]
112	127.93	0.0095	10	[127.94, 127.94, 127.93, 127.93, 127.93, 127.93, 127.92, 127.92, 127.92, 127.91]
113	129.31	0.0048	10	[129.3, 129.3, 129.3, 129.31, 129.31, 129.31, 129.31, 129.31, 129.31, 129.31]
114	130.32	0.0048	10	[130.31, 130.31, 130.31, 130.32, 130.32, 130.32, 130.32, 130.32, 130.32, 130.32]
115	131.40	0.0082	10	[131.39, 131.39, 131.39, 131.39, 131.39, 131.4, 131.4, 131.4, 131.41, 131.41]
116	132.49	0.0067	10	[132.48, 132.48, 132.49, 132.49, 132.49, 132.49, 132.49, 132.49, 132.5, 132.5]
117	133.63	0.0000	10	[133.63, 133.63, 133.63, 133.63, 133.63, 133.63, 133.63, 133.63, 133.63, 133.63]
118	134.61	0.0032	10	[134.61, 134.61, 134.61, 134.61, 134.61, 134.61, 134.61, 134.61, 134.61, 134.62]
119	135.64	0.0137	10	[135.62, 135.63, 135.63, 135.63, 135.64, 135.64, 135.65, 135.65, 135.66, 135.66]
120	136.72	0.0053	10	[136.71, 136.71, 136.71, 136.71, 136.71, 136.72, 136.72, 136.72, 136.72, 136.72]
121	137.86	0.0032	10	[137.86, 137.86, 137.86, 137.86, 137.86, 137.86, 137.86, 137.86, 137.86, 137.87]
122	138.98	0.1334	10	[138.91, 138.91, 138.91, 138.91, 138.91, 138.92, 138.92, 138.92, 139.23, 139.23]
123	140.24	0.0048	10	[140.24, 140.24, 140.24, 140.24, 140.24, 140.24, 140.24, 140.23, 140.23, 140.23]
124	141.08	0.0000	10	[141.08, 141.08, 141.08, 141.08, 141.08, 141.08, 141.08, 141.08, 141.08, 141.08]
125	142.16	0.0103	10	[142.15, 142.15, 142.15, 142.16, 142.16, 142.16, 142.17, 142.17, 142.17, 142.18]
126	143.27	0.1075	10	[142.96, 143.3, 143.3, 143.3, 143.3, 143.3, 143.3, 143.3, 143.3, 143.3]
127	144.32	0.0052	10	[144.32, 144.32, 144.32, 144.32, 144.32, 144.32, 144.33, 144.33, 144.33, 144.33]
128	144.32	0.0042	10	[144.33, 144.33, 144.32, 144.32, 144.32, 144.32, 144.32, 144.32, 144.32, 144.32]
129	145.76	0.0074	10	[145.75, 145.75, 145.76, 145.76, 145.76, 145.76, 145.76, 145.77, 145.77, 145.77]
130	146.79	0.0095	10	[146.78, 146.78, 146.79, 146.79, 146.79, 146.79, 146.8, 146.8, 146.8, 146.81]
131	147.99	0.0148	10	[147.97, 147.97, 147.98, 147.98, 147.98, 147.99, 147.99, 148.0, 148.01, 148.01]
132	149.09	0.0085	10	[149.09, 149.09, 149.09, 149.09, 149.09, 149.09, 149.09, 149.08, 149.07, 149.07]
133	149.96	0.0082	10	[149.95, 149.95, 149.95, 149.96, 149.96, 149.96, 149.96, 149.97, 149.97, 149.97]
134	150.99	0.0053	10	[150.98, 150.98, 150.98, 150.98, 150.98, 150.99, 150.99, 150.99, 150.99, 150.99]
135	152.07	0.0108	10	[152.06, 152.06, 152.07, 152.07, 152.07, 152.08, 152.08, 152.08, 152.09, 152.09]
136	153.16	0.0048	10	[153.16, 153.16, 153.16, 153.16, 153.16, 153.16, 153.16, 153.17, 153.17, 153.17]
137	154.28	0.0053	10	[154.27, 154.27, 154.27, 154.27, 154.27, 154.28, 154.28, 154.28, 154.28, 154.28]
138	155.30	0.0103	10	[155.29, 155.29, 155.29, 155.3, 155.3, 155.3, 155.31, 155.31, 155.31, 155.32]
139	156.40	0.0117	10	[156.38, 156.38, 156.39, 156.39, 156.39, 156.4, 156.4, 156.41, 156.41, 156.41]
140	157.48	0.0082	10	[157.47, 157.47, 157.47, 157.48, 157.48, 157.48, 157.48, 157.49, 157.49, 157.49]
141	158.58	0.0088	10	[158.57, 158.57, 158.57, 158.57, 158.58, 158.58, 158.58, 158.59, 158.59, 158.59]
142	159.66	0.0048	10	[159.65, 159.65, 159.65, 159.66, 159.66, 159.66, 159.66, 159.66, 159.66, 159.66]
143	160.69	0.0079	10	[160.68, 160.68, 160.69, 160.69, 160.69, 160.69, 160.7, 160.7, 160.7, 160.7]
144	160.68	0.0117	10	[160.7, 160.7, 160.69, 160.69, 160.69, 160.68, 160.68, 160.67, 160.67, 160.67]
145	162.03	0.0088	10	[162.02, 162.02, 162.02, 162.02, 162.03, 162.03, 162.03, 162.04, 162.04, 162.04]
146	163.06	0.0067	10	[163.05, 163.05, 163.05, 163.05, 163.06, 163.06, 163.06, 163.06, 163.06, 163.07]
147	164.17	0.0079	10	[164.16, 164.16, 164.16, 164.16, 164.17, 164.17, 164.17, 164.17, 164.18, 164.18]
148	165.22	0.0053	10	[165.21, 165.21, 165.21, 165.21, 165.21, 165.22, 165.22, 165.22, 165.22, 165.22]
149	166.36	0.0664	10	[166.17, 166.38, 166.38, 166.38, 166.38, 166.38, 166.38, 166.38, 166.38, 166.38]
150	167.34	0.0079	10	[167.33, 167.33, 167.34, 167.34, 167.34, 167.34, 167.35, 167.35, 167.35, 167.35]
151	168.46	0.0074	10	[168.45, 168.45, 168.46, 168.46, 168.46, 168.46, 168.46, 168.47, 168.47, 168.47]
152	169.53	0.0756	10	[169.32, 169.56, 169.56, 169.56, 169.56, 169.56, 169.56, 169.56, 169.56, 169.55]
153	170.61	0.0103	10	[170.59, 170.6, 170.6, 170.6, 170.61, 170.61, 170.61, 170.62, 170.62, 170.62]
154	171.59	0.0158	10	[171.57, 171.58, 171.58, 171.59, 171.59, 171.6, 171.6, 171.61, 171.61, 171.62]
155	172.81	0.0052	10	[172.8, 172.8, 172.8, 172.8, 172.81, 172.81, 172.81, 172.81, 172.81, 172.81]
156	173.84	0.0053	10	[173.83, 173.83, 173.83, 173.83, 173.83, 173.84, 173.84, 173.84, 173.84, 173.84]
157	174.91	0.0085	10	[174.9, 174.91, 174.91, 174.91, 174.91, 174.92, 174.92, 174.92, 174.92, 174.93]
158	176.00	0.0053	10	[175.99, 175.99, 175.99, 175.99, 175.99, 176.0, 176.0, 176.0, 176.0, 176.0]
159	177.08	0.0917	10	[176.82, 177.11, 177.11, 177.11, 177.11, 177.11, 177.11, 177.11, 177.11, 177.11]
160	176.74	0.0000	10	[176.74, 176.74, 176.74, 176.74, 176.74, 176.74, 176.74, 176.74, 176.74, 176.74]
161	178.23	0.0070	10	[178.22, 178.23, 178.23, 178.23, 178.23, 178.24, 178.24, 178.24, 178.24, 178.24]
162	179.25	0.0067	10	[179.24, 179.24, 179.25, 179.25, 179.25, 179.25, 179.25, 179.25, 179.26, 179.26]
163	180.35	0.0067	10	[180.34, 180.34, 180.35, 180.35, 180.35, 180.35, 180.35, 180.35, 180.36, 180.36]
164	181.43	0.0048	10	[181.42, 181.42, 181.42, 181.43, 181.43, 181.43, 181.43, 181.43, 181.43, 181.43]
165	182.51	0.0070	10	[182.5, 182.5, 182.5, 182.5, 182.5, 182.51, 182.51, 182.51, 182.51, 182.52]
166	183.56	0.0053	10	[183.55, 183.55, 183.55, 183.55, 183.55, 183.56, 183.56, 183.56, 183.56, 183.56]
167	184.63	0.0082	10	[184.62, 184.62, 184.62, 184.63, 184.63, 184.63, 184.63, 184.64, 184.64, 184.64]
168	185.70	0.0053	10	[185.7, 185.7, 185.7, 185.7, 185.7, 185.71, 185.71, 185.71, 185.71, 185.71]
169	186.82	0.0032	10	[186.81, 186.82, 186.82, 186.82, 186.82, 186.82, 186.82, 186.82, 186.82, 186.82]
170	187.83	0.0074	10	[187.82, 187.82, 187.83, 187.83, 187.83, 187.83, 187.83, 187.84, 187.84, 187.84]
171	188.94	0.0074	10	[188.93, 188.93, 188.93, 188.94, 188.94, 188.94, 188.94, 188.94, 188.95, 188.95]
172	189.94	0.0108	10	[189.93, 189.93, 189.94, 189.94, 189.94, 189.95, 189.95, 189.95, 189.96, 189.96]
173	191.08	0.0079	10	[191.07, 191.07, 191.08, 191.08, 191.08, 191.08, 191.09, 191.09, 191.09, 191.09]
174	192.13	0.0052	10	[192.13, 192.13, 192.13, 192.13, 192.13, 192.13, 192.14, 192.14, 192.14, 192.14]
175	193.16	0.0079	10	[193.15, 193.15, 193.16, 193.16, 193.16, 193.16, 193.17, 193.17, 193.17, 193.17]
176	192.81	0.0042	10	[192.81, 192.81, 192.81, 192.81, 192.81, 192.81, 192.81, 192.81, 192.8, 192.8]
177	194.29	0.0791	10	[194.07, 194.32, 194.32, 194.32, 194.32, 194.32, 194.32, 194.32, 194.32, 194.32]
178	195.25	0.0082	10	[195.24, 195.24, 195.24, 195.25, 195.25, 195.25, 195.25, 195.26, 195.26, 195.26]
179	196.37	0.0074	10	[196.36, 196.36, 196.37, 196.37, 196.37, 196.37, 196.37, 196.38, 196.38, 196.38]
180	197.42	0.0732	10	[197.21, 197.44, 197.44, 197.44, 197.44, 197.44, 197.44, 197.44, 197.44, 197.45]
181	198.54	0.0063	10	[198.53, 198.53, 198.53, 198.54, 198.54, 198.54, 198.54, 198.54, 198.54, 198.55]
182	199.58	0.1170	10	[199.25, 199.62, 199.62, 199.62, 199.62, 199.62, 199.62, 199.62, 199.62, 199.62]
183	200.69	0.0000	10	[200.69, 200.69, 200.69, 200.69, 200.69, 200.69, 200.69, 200.69, 200.69, 200.69]
184	201.60	0.0171	10	[201.57, 201.58, 201.58, 201.59, 201.59, 201.6, 201.6, 201.61, 201.62, 201.62]
185	202.84	0.0048	10	[202.84, 202.84, 202.84, 202.84, 202.84, 202.84, 202.84, 202.85, 202.85, 202.85]
186	203.84	0.0067	10	[203.83, 203.84, 203.84, 203.84, 203.84, 203.84, 203.85, 203.85, 203.85, 203.85]
187	204.86	0.0171	10	[204.83, 204.84, 204.84, 204.85, 204.85, 204.86, 204.86, 204.87, 204.88, 204.88]
188	205.96	0.0088	10	[205.95, 205.95, 205.95, 205.95, 205.96, 205.96, 205.96, 205.97, 205.97, 205.97]
189	207.09	0.0097	10	[207.08, 207.08, 207.09, 207.09, 207.09, 207.1, 207.1, 207.1, 207.1, 207.11]
190	208.13	0.0070	10	[208.12, 208.12, 208.12, 208.12, 208.12, 208.13, 208.13, 208.13, 208.13, 208.14]
191	209.22	0.0696	10	[209.02, 209.24, 209.24, 209.24, 209.24, 209.24, 209.24, 209.24, 209.24, 209.24]
192	208.93	0.0000	10	[208.93, 208.93, 208.93, 208.93, 208.93, 208.93, 208.93, 208.93, 208.93, 208.93]
193	210.43	0.0048	10	[210.42, 210.42, 210.42, 210.43, 210.43, 210.43, 210.43, 210.43, 210.43, 210.43]
194	211.32	0.0117	10	[211.31, 211.31, 211.31, 211.32, 211.32, 211.33, 211.33, 211.33, 211.34, 211.34]
195	212.48	0.0936	10	[212.21, 212.5, 212.5, 212.5, 212.5, 212.51, 212.51, 212.51, 212.51, 212.51]
196	213.53	0.0053	10	[213.52, 213.52, 213.52, 213.52, 213.52, 213.53, 213.53, 213.53, 213.53, 213.53]
197	214.62	0.0074	10	[214.61, 214.61, 214.61, 214.62, 214.62, 214.62, 214.62, 214.62, 214.63, 214.63]
198	215.66	0.0053	10	[215.66, 215.66, 215.66, 215.66, 215.66, 215.67, 215.67, 215.67, 215.67, 215.67]
199	216.75	0.0085	10	[216.73, 216.74, 216.74, 216.74, 216.74, 216.75, 216.75, 216.75, 216.75, 216.76]
200	217.85	0.0727	10	[217.64, 217.87, 217.87, 217.87, 217.87, 217.87, 217.87, 217.87, 217.87, 217.87]
201	218.97	0.0032	10	[218.97, 218.98, 218.97, 218.97, 218.97, 218.97, 218.97, 218.97, 218.97, 218.97]
202	219.91	0.0175	10	[219.89, 219.89, 219.9, 219.9, 219.91, 219.91, 219.92, 219.93, 219.93, 219.94]
203	221.10	0.0067	10	[221.09, 221.09, 221.09, 221.09, 221.1, 221.1, 221.1, 221.1, 221.1, 221.11]
204	222.15	0.0057	10	[222.14, 222.14, 222.15, 222.15, 222.15, 222.15, 222.15, 222.15, 222.15, 222.16]
205	223.25	0.0791	10	[223.03, 223.28, 223.28, 223.28, 223.28, 223.28, 223.28, 223.28, 223.28, 223.28]
206	224.26	0.0067	10	[224.25, 224.26, 224.26, 224.26, 224.26, 224.26, 224.27, 224.27, 224.27, 224.27]
207	225.30	0.0063	10	[225.29, 225.29, 225.29, 225.3, 225.3, 225.3, 225.3, 225.3, 225.3, 225.31]
208	224.94	0.0107	10	[224.96, 224.96, 224.95, 224.95, 224.94, 224.94, 224.94, 224.94, 224.93, 224.93]
209	226.25	0.0103	10	[226.24, 226.24, 226.24, 226.25, 226.25, 226.25, 226.26, 226.26, 226.26, 226.27]
210	227.22	0.0158	10	[227.2, 227.21, 227.21, 227.22, 227.22, 227.23, 227.23, 227.24, 227.24, 227.25]
211	228.41	0.0052	10	[228.41, 228.41, 228.41, 228.41, 228.41, 228.41, 228.42, 228.42, 228.42, 228.42]
212	229.44	0.0053	10	[229.44, 229.44, 229.44, 229.44, 229.44, 229.45, 229.45, 229.45, 229.45, 229.45]
213	230.55	0.0053	10	[230.54, 230.54, 230.54, 230.54, 230.54, 230.55, 230.55, 230.55, 230.55, 230.55]
214	231.60	0.0042	10	[231.6, 231.6, 231.6, 231.6, 231.6, 231.6, 231.6, 231.6, 231.61, 231.61]
215	232.67	0.0032	10	[232.66, 232.67, 232.67, 232.67, 232.67, 232.67, 232.67, 232.67, 232.67, 232.67]
216	233.64	0.0067	10	[233.63, 233.64, 233.64, 233.64, 233.64, 233.64, 233.65, 233.65, 233.65, 233.65]
217	234.74	0.0123	10	[234.72, 234.72, 234.73, 234.73, 234.74, 234.74, 234.75, 234.75, 234.75, 234.75]
218	235.71	0.0042	10	[235.7, 235.7, 235.71, 235.71, 235.71, 235.71, 235.71, 235.71, 235.71, 235.71]
219	236.95	0.0860	10	[236.78, 236.79, 236.99, 236.99, 236.99, 236.99, 236.99, 236.99, 236.99, 236.98]
220	237.95	0.0063	10	[237.94, 237.95, 237.95, 237.95, 237.95, 237.95, 237.95, 237.96, 237.96, 237.96]
221	239.09	0.0070	10	[239.08, 239.08, 239.08, 239.08, 239.08, 239.09, 239.09, 239.09, 239.09, 239.1]
222	240.17	0.0000	10	[240.17, 240.17, 240.17, 240.17, 240.17, 240.17, 240.17, 240.17, 240.17, 240.17]
223	241.10	0.0143	10	[241.08, 241.09, 241.09, 241.1, 241.1, 241.11, 241.11, 241.12, 241.12, 241.12]
224	240.75	0.0052	10	[240.75, 240.75, 240.75, 240.75, 240.75, 240.75, 240.74, 240.74, 240.74, 240.74]
225	242.18	0.0042	10	[242.17, 242.17, 242.18, 242.18, 242.18, 242.18, 242.18, 242.18, 242.18, 242.18]
226	243.17	0.0070	10	[243.16, 243.16, 243.16, 243.16, 243.16, 243.17, 243.17, 243.17, 243.17, 243.18]
227	244.27	0.0032	10	[244.27, 244.27, 244.27, 244.27, 244.27, 244.27, 244.27, 244.27, 244.27, 244.28]
228	245.19	0.0158	10	[245.17, 245.18, 245.18, 245.19, 245.19, 245.2, 245.2, 245.21, 245.21, 245.22]
229	246.39	0.0067	10	[246.38, 246.38, 246.39, 246.39, 246.39, 246.39, 246.39, 246.39, 246.4, 246.4]
230	247.39	0.0070	10	[247.38, 247.39, 247.39, 247.39, 247.39, 247.4, 247.4, 247.4, 247.4, 247.4]
231	248.46	0.0057	10	[248.45, 248.46, 248.46, 248.46, 248.46, 248.46, 248.46, 248.46, 248.47, 248.47]
232	249.50	0.0088	10	[249.49, 249.49, 249.49, 249.5, 249.5, 249.5, 249.51, 249.51, 249.51, 249.51]
233	250.63	0.0042	10	[250.63, 250.63, 250.63, 250.63, 250.63, 250.63, 250.63, 250.63, 250.64, 250.64]
234	251.64	0.0052	10	[251.64, 251.64, 251.64, 251.64, 251.64, 251.64, 251.65, 251.65, 251.65, 251.65]
235	252.71	0.0097	10	[252.69, 252.7, 252.7, 252.7, 252.7, 252.71, 252.71, 252.71, 252.72, 252.72]
236	253.78	0.0053	10	[253.77, 253.77, 253.77, 253.77, 253.77, 253.78, 253.78, 253.78, 253.78, 253.78]
237	254.83	0.0082	10	[254.82, 254.82, 254.82, 254.83, 254.83, 254.83, 254.83, 254.84, 254.84, 254.84]
238	255.84	0.0053	10	[255.83, 255.83, 255.83, 255.83, 255.83, 255.84, 255.84, 255.84, 255.84, 255.84]
239	256.88	0.0052	10	[256.88, 256.88, 256.88, 256.88, 256.88, 256.88, 256.89, 256.89, 256.89, 256.89]
240	256.04	0.0042	10	[256.04, 256.04, 256.04, 256.04, 256.04, 256.04, 256.04, 256.04, 256.03, 256.03]
241	257.32	0.0125	10	[257.3, 257.31, 257.31, 257.31, 257.32, 257.32, 257.33, 257.33, 257.33, 257.34]
242	258.39	0.0042	10	[258.39, 258.39, 258.39, 258.39, 258.39, 258.39, 258.39, 258.39, 258.4, 258.4]
243	259.41	0.0032	10	[259.4, 259.41, 259.41, 259.41, 259.41, 259.41, 259.41, 259.41, 259.41, 259.41]
244	260.36	0.0088	10	[260.35, 260.35, 260.35, 260.35, 260.36, 260.36, 260.36, 260.37, 260.37, 260.37]
245	261.44	0.0088	10	[261.43, 261.43, 261.43, 261.44, 261.44, 261.44, 261.45, 261.45, 261.45, 261.45]
246	262.36	0.0116	10	[262.34, 262.34, 262.35, 262.35, 262.36, 262.36, 262.36, 262.37, 262.37, 262.37]
247	263.43	0.0103	10	[263.41, 263.42, 263.42, 263.42, 263.43, 263.43, 263.43, 263.44, 263.44, 263.44]
248	264.42	0.0052	10	[264.42, 264.42, 264.42, 264.42, 264.42, 264.42, 264.43, 264.43, 264.43, 264.43]
249	265.42	0.0067	10	[265.41, 265.41, 265.41, 265.41, 265.42, 265.42, 265.42, 265.42, 265.42, 265.43]
250	266.38	0.0088	10	[266.37, 266.37, 266.37, 266.37, 266.38, 266.38, 266.38, 266.39, 266.39, 266.39]
251	267.35	0.0120	10	[267.33, 267.34, 267.34, 267.34, 267.35, 267.35, 267.35, 267.36, 267.36, 267.37]
252	268.38	0.0063	10	[268.37, 268.37, 268.37, 268.38, 268.38, 268.38, 268.38, 268.38, 268.38, 268.39]
253	269.32	0.0079	10	[269.31, 269.31, 269.32, 269.32, 269.32, 269.32, 269.33, 269.33, 269.33, 269.33]
254	270.20	0.0095	10	[270.18, 270.19, 270.19, 270.19, 270.2, 270.2, 270.2, 270.2, 270.21, 270.21]
255	271.12	0.0079	10	[271.11, 271.11, 271.11, 271.11, 271.12, 271.12, 271.12, 271.12, 271.13, 271.13]
256	0.17	0.0000	10	[0.17, 0.17, 0.17, 0.17, 0.17, 0.17, 0.17, 0.17, 0.17, 0.17]
# Ended on:  2021-07-07 09:07:15.051478
