# Began on:  2021-07-17 20:10:33.797977
0	10.08	0.4902	10	[11.48, 9.93, 9.93, 9.93, 9.93, 9.93, 9.93, 9.93, 9.93, 9.93]
1	11.62	0.0000	10	[11.62, 11.62, 11.62, 11.62, 11.62, 11.62, 11.62, 11.62, 11.62, 11.62]
2	12.48	0.0000	10	[12.48, 12.48, 12.48, 12.48, 12.48, 12.48, 12.48, 12.48, 12.48, 12.48]
3	13.79	0.0000	10	[13.79, 13.79, 13.79, 13.79, 13.79, 13.79, 13.79, 13.79, 13.79, 13.79]
4	14.64	0.0052	10	[14.65, 14.65, 14.65, 14.65, 14.64, 14.64, 14.64, 14.64, 14.64, 14.64]
5	15.94	0.0052	10	[15.94, 15.94, 15.94, 15.94, 15.94, 15.94, 15.93, 15.93, 15.93, 15.93]
6	16.75	0.0000	10	[16.75, 16.75, 16.75, 16.75, 16.75, 16.75, 16.75, 16.75, 16.75, 16.75]
7	18.04	0.0000	10	[18.04, 18.04, 18.04, 18.04, 18.04, 18.04, 18.04, 18.04, 18.04, 18.04]
8	18.84	0.0052	10	[18.84, 18.84, 18.84, 18.84, 18.84, 18.84, 18.85, 18.85, 18.85, 18.85]
9	20.14	0.0000	10	[20.14, 20.14, 20.14, 20.14, 20.14, 20.14, 20.14, 20.14, 20.14, 20.14]
10	20.84	0.0082	10	[20.83, 20.83, 20.83, 20.84, 20.84, 20.84, 20.84, 20.85, 20.85, 20.85]
11	22.18	0.0000	10	[22.18, 22.18, 22.18, 22.18, 22.18, 22.18, 22.18, 22.18, 22.18, 22.18]
12	23.01	0.0000	10	[23.01, 23.01, 23.01, 23.01, 23.01, 23.01, 23.01, 23.01, 23.01, 23.01]
13	24.22	0.0000	10	[24.22, 24.22, 24.22, 24.22, 24.22, 24.22, 24.22, 24.22, 24.22, 24.22]
14	25.01	0.0000	10	[25.01, 25.01, 25.01, 25.01, 25.01, 25.01, 25.01, 25.01, 25.01, 25.01]
15	26.17	0.0732	10	[25.96, 26.2, 26.19, 26.19, 26.19, 26.19, 26.19, 26.19, 26.19, 26.19]
16	27.18	0.0000	10	[27.18, 27.18, 27.18, 27.18, 27.18, 27.18, 27.18, 27.18, 27.18, 27.18]
17	28.87	0.0000	10	[28.87, 28.87, 28.87, 28.87, 28.87, 28.87, 28.87, 28.87, 28.87, 28.87]
18	29.72	0.0000	10	[29.72, 29.72, 29.72, 29.72, 29.72, 29.72, 29.72, 29.72, 29.72, 29.72]
19	31.05	0.0000	10	[31.05, 31.05, 31.05, 31.05, 31.05, 31.05, 31.05, 31.05, 31.05, 31.05]
20	31.85	0.0052	10	[31.85, 31.85, 31.85, 31.85, 31.85, 31.85, 31.86, 31.86, 31.86, 31.86]
21	33.19	0.0000	10	[33.19, 33.19, 33.19, 33.19, 33.19, 33.19, 33.19, 33.19, 33.19, 33.19]
22	34.03	0.0000	10	[34.03, 34.03, 34.03, 34.03, 34.03, 34.03, 34.03, 34.03, 34.03, 34.03]
23	35.30	0.0048	10	[35.3, 35.3, 35.3, 35.3, 35.3, 35.3, 35.3, 35.31, 35.31, 35.31]
24	36.12	0.0052	10	[36.12, 36.12, 36.12, 36.12, 36.12, 36.12, 36.13, 36.13, 36.13, 36.13]
25	37.47	0.0000	10	[37.47, 37.47, 37.47, 37.47, 37.47, 37.47, 37.47, 37.47, 37.47, 37.47]
26	38.28	0.0057	10	[38.27, 38.28, 38.28, 38.28, 38.28, 38.28, 38.28, 38.28, 38.29, 38.29]
27	39.59	0.0000	10	[39.59, 39.59, 39.59, 39.59, 39.59, 39.59, 39.59, 39.59, 39.59, 39.59]
28	40.42	0.0000	10	[40.42, 40.42, 40.42, 40.42, 40.42, 40.42, 40.42, 40.42, 40.42, 40.42]
29	41.69	0.0048	10	[41.69, 41.69, 41.69, 41.69, 41.69, 41.69, 41.69, 41.7, 41.7, 41.7]
30	42.53	0.0000	10	[42.53, 42.53, 42.53, 42.53, 42.53, 42.53, 42.53, 42.53, 42.53, 42.53]
31	43.72	0.0053	10	[43.72, 43.72, 43.72, 43.72, 43.72, 43.73, 43.73, 43.73, 43.73, 43.73]
32	43.75	0.0132	10	[43.73, 43.73, 43.74, 43.74, 43.75, 43.75, 43.75, 43.76, 43.76, 43.77]
33	45.54	0.0901	10	[45.28, 45.57, 45.57, 45.57, 45.57, 45.56, 45.56, 45.56, 45.56, 45.56]
34	46.36	0.0000	10	[46.36, 46.36, 46.36, 46.36, 46.36, 46.36, 46.36, 46.36, 46.36, 46.36]
35	47.68	0.0000	10	[47.68, 47.68, 47.68, 47.68, 47.68, 47.68, 47.68, 47.68, 47.68, 47.68]
36	48.52	0.0000	10	[48.52, 48.52, 48.52, 48.52, 48.52, 48.52, 48.52, 48.52, 48.52, 48.52]
37	49.83	0.0032	10	[49.83, 49.83, 49.83, 49.83, 49.83, 49.83, 49.83, 49.83, 49.83, 49.84]
38	50.59	0.0085	10	[50.58, 50.59, 50.59, 50.59, 50.59, 50.6, 50.6, 50.6, 50.6, 50.61]
39	51.95	0.0042	10	[51.95, 51.95, 51.95, 51.95, 51.95, 51.95, 51.95, 51.95, 51.96, 51.96]
40	52.81	0.0000	10	[52.81, 52.81, 52.81, 52.81, 52.81, 52.81, 52.81, 52.81, 52.81, 52.81]
41	54.14	0.0000	10	[54.14, 54.14, 54.14, 54.14, 54.14, 54.14, 54.14, 54.14, 54.14, 54.14]
42	54.99	0.0032	10	[54.99, 54.99, 54.99, 54.99, 54.99, 54.99, 54.99, 54.99, 54.99, 54.98]
43	56.28	0.0042	10	[56.27, 56.27, 56.28, 56.28, 56.28, 56.28, 56.28, 56.28, 56.28, 56.28]
44	57.14	0.0000	10	[57.14, 57.14, 57.14, 57.14, 57.14, 57.14, 57.14, 57.14, 57.14, 57.14]
45	58.45	0.0000	10	[58.45, 58.45, 58.45, 58.45, 58.45, 58.45, 58.45, 58.45, 58.45, 58.45]
46	59.27	0.0000	10	[59.27, 59.27, 59.27, 59.27, 59.27, 59.27, 59.27, 59.27, 59.27, 59.27]
47	60.51	0.0000	10	[60.51, 60.51, 60.51, 60.51, 60.51, 60.51, 60.51, 60.51, 60.51, 60.51]
48	60.52	0.0053	10	[60.51, 60.51, 60.51, 60.51, 60.51, 60.52, 60.52, 60.52, 60.52, 60.52]
49	62.22	0.0042	10	[62.21, 62.21, 62.22, 62.22, 62.22, 62.22, 62.22, 62.22, 62.22, 62.22]
50	63.08	0.0000	10	[63.08, 63.08, 63.08, 63.08, 63.08, 63.08, 63.08, 63.08, 63.08, 63.08]
51	64.44	0.0000	10	[64.44, 64.44, 64.44, 64.44, 64.44, 64.44, 64.44, 64.44, 64.44, 64.44]
52	65.27	0.0000	10	[65.27, 65.27, 65.27, 65.27, 65.27, 65.27, 65.27, 65.27, 65.27, 65.27]
53	66.57	0.0000	10	[66.57, 66.57, 66.57, 66.57, 66.57, 66.57, 66.57, 66.57, 66.57, 66.57]
54	67.41	0.0000	10	[67.41, 67.41, 67.41, 67.41, 67.41, 67.41, 67.41, 67.41, 67.41, 67.41]
55	68.74	0.0000	10	[68.74, 68.74, 68.74, 68.74, 68.74, 68.74, 68.74, 68.74, 68.74, 68.74]
56	69.46	0.0132	10	[69.44, 69.45, 69.45, 69.46, 69.46, 69.46, 69.47, 69.47, 69.48, 69.48]
57	70.90	0.0000	10	[70.9, 70.9, 70.9, 70.9, 70.9, 70.9, 70.9, 70.9, 70.9, 70.9]
58	71.74	0.0048	10	[71.74, 71.74, 71.74, 71.74, 71.74, 71.74, 71.74, 71.75, 71.75, 71.75]
59	73.07	0.0000	10	[73.07, 73.07, 73.07, 73.07, 73.07, 73.07, 73.07, 73.07, 73.07, 73.07]
60	73.94	0.0053	10	[73.94, 73.94, 73.94, 73.94, 73.94, 73.93, 73.93, 73.93, 73.93, 73.93]
61	75.13	0.0088	10	[75.12, 75.12, 75.12, 75.13, 75.13, 75.13, 75.14, 75.14, 75.14, 75.14]
62	76.06	0.0000	10	[76.06, 76.06, 76.06, 76.06, 76.06, 76.06, 76.06, 76.06, 76.06, 76.06]
63	77.31	0.0000	10	[77.31, 77.31, 77.31, 77.31, 77.31, 77.31, 77.31, 77.31, 77.31, 77.31]
64	76.93	0.0070	10	[76.94, 76.94, 76.94, 76.94, 76.94, 76.93, 76.93, 76.93, 76.93, 76.92]
65	78.51	0.0000	10	[78.51, 78.51, 78.51, 78.51, 78.51, 78.51, 78.51, 78.51, 78.51, 78.51]
66	79.21	0.0149	10	[79.19, 79.19, 79.2, 79.2, 79.21, 79.21, 79.22, 79.22, 79.23, 79.23]
67	80.66	0.0000	10	[80.66, 80.66, 80.66, 80.66, 80.66, 80.66, 80.66, 80.66, 80.66, 80.66]
68	81.49	0.0000	10	[81.49, 81.49, 81.49, 81.49, 81.49, 81.49, 81.49, 81.49, 81.49, 81.49]
69	82.80	0.0000	10	[82.8, 82.8, 82.8, 82.8, 82.8, 82.8, 82.8, 82.8, 82.8, 82.8]
70	83.67	0.0048	10	[83.67, 83.67, 83.67, 83.67, 83.67, 83.67, 83.67, 83.66, 83.66, 83.66]
71	84.97	0.0664	10	[84.78, 84.99, 84.99, 84.99, 84.99, 84.99, 84.99, 84.99, 84.99, 84.99]
72	85.87	0.0095	10	[85.86, 85.86, 85.87, 85.87, 85.87, 85.87, 85.88, 85.88, 85.88, 85.89]
73	87.28	0.0123	10	[87.29, 87.29, 87.29, 87.29, 87.28, 87.28, 87.27, 87.27, 87.26, 87.26]
74	87.98	0.0000	10	[87.98, 87.98, 87.98, 87.98, 87.98, 87.98, 87.98, 87.98, 87.98, 87.98]
75	89.28	0.0000	10	[89.28, 89.28, 89.28, 89.28, 89.28, 89.28, 89.28, 89.28, 89.28, 89.28]
76	90.14	0.0000	10	[90.14, 90.14, 90.14, 90.14, 90.14, 90.14, 90.14, 90.14, 90.14, 90.14]
77	91.45	0.0000	10	[91.45, 91.45, 91.45, 91.45, 91.45, 91.45, 91.45, 91.45, 91.45, 91.45]
78	92.32	0.0000	10	[92.32, 92.32, 92.32, 92.32, 92.32, 92.32, 92.32, 92.32, 92.32, 92.32]
79	93.56	0.0000	10	[93.56, 93.56, 93.56, 93.56, 93.56, 93.56, 93.56, 93.56, 93.56, 93.56]
80	93.41	0.1189	10	[93.56, 93.55, 93.55, 93.54, 93.32, 93.32, 93.32, 93.32, 93.32, 93.32]
81	95.00	0.0000	10	[95.0, 95.0, 95.0, 95.0, 95.0, 95.0, 95.0, 95.0, 95.0, 95.0]
82	95.85	0.0000	10	[95.85, 95.85, 95.85, 95.85, 95.85, 95.85, 95.85, 95.85, 95.85, 95.85]
83	97.16	0.0000	10	[97.16, 97.16, 97.16, 97.16, 97.16, 97.16, 97.16, 97.16, 97.16, 97.16]
84	97.95	0.0079	10	[97.94, 97.94, 97.94, 97.94, 97.95, 97.95, 97.95, 97.95, 97.96, 97.96]
85	99.33	0.0000	10	[99.33, 99.33, 99.33, 99.33, 99.33, 99.33, 99.33, 99.33, 99.33, 99.33]
86	100.16	0.0042	10	[100.17, 100.16, 100.16, 100.16, 100.16, 100.16, 100.17, 100.16, 100.16, 100.16]
87	101.49	0.0000	10	[101.49, 101.49, 101.49, 101.49, 101.49, 101.49, 101.49, 101.49, 101.49, 101.49]
88	102.37	0.0079	10	[102.36, 102.36, 102.36, 102.36, 102.37, 102.37, 102.37, 102.37, 102.38, 102.38]
89	103.73	0.1464	10	[103.31, 103.78, 103.78, 103.78, 103.78, 103.77, 103.77, 103.77, 103.76, 103.76]
90	104.49	0.0000	10	[104.49, 104.49, 104.49, 104.49, 104.49, 104.49, 104.49, 104.49, 104.49, 104.49]
91	105.76	0.0052	10	[105.76, 105.76, 105.76, 105.76, 105.76, 105.76, 105.77, 105.77, 105.77, 105.77]
92	106.67	0.0000	10	[106.67, 106.67, 106.67, 106.67, 106.67, 106.67, 106.67, 106.67, 106.67, 106.67]
93	107.99	0.0000	10	[107.99, 107.99, 107.99, 107.99, 107.99, 107.99, 107.99, 107.99, 107.99, 107.99]
94	108.83	0.0632	10	[108.65, 108.85, 108.85, 108.85, 108.85, 108.85, 108.85, 108.85, 108.85, 108.85]
95	110.17	0.0032	10	[110.17, 110.17, 110.17, 110.17, 110.17, 110.17, 110.17, 110.17, 110.17, 110.16]
96	109.53	0.0032	10	[109.53, 109.53, 109.53, 109.53, 109.53, 109.53, 109.53, 109.53, 109.53, 109.52]
97	111.16	0.0063	10	[111.15, 111.16, 111.16, 111.16, 111.16, 111.16, 111.16, 111.17, 111.17, 111.17]
98	112.06	0.0000	10	[112.06, 112.06, 112.06, 112.06, 112.06, 112.06, 112.06, 112.06, 112.06, 112.06]
99	113.31	0.0088	10	[113.3, 113.3, 113.3, 113.31, 113.31, 113.31, 113.32, 113.32, 113.32, 113.32]
100	114.22	0.0000	10	[114.22, 114.22, 114.22, 114.22, 114.22, 114.22, 114.22, 114.22, 114.22, 114.22]
101	115.54	0.0000	10	[115.54, 115.54, 115.54, 115.54, 115.54, 115.54, 115.54, 115.54, 115.54, 115.54]
102	116.36	0.0042	10	[116.35, 116.35, 116.36, 116.36, 116.36, 116.36, 116.36, 116.36, 116.36, 116.36]
103	117.71	0.0032	10	[117.71, 117.71, 117.71, 117.71, 117.71, 117.71, 117.71, 117.71, 117.71, 117.72]
104	118.60	0.0000	10	[118.6, 118.6, 118.6, 118.6, 118.6, 118.6, 118.6, 118.6, 118.6, 118.6]
105	119.87	0.0000	10	[119.87, 119.87, 119.87, 119.87, 119.87, 119.87, 119.87, 119.87, 119.87, 119.87]
106	120.72	0.0000	10	[120.72, 120.72, 120.72, 120.72, 120.72, 120.72, 120.72, 120.72, 120.72, 120.72]
107	122.02	0.1075	10	[121.71, 122.05, 122.05, 122.05, 122.05, 122.05, 122.05, 122.05, 122.05, 122.05]
108	122.90	0.0000	10	[122.9, 122.9, 122.9, 122.9, 122.9, 122.9, 122.9, 122.9, 122.9, 122.9]
109	124.22	0.0000	10	[124.22, 124.22, 124.22, 124.22, 124.22, 124.22, 124.22, 124.22, 124.22, 124.22]
110	125.07	0.0000	10	[125.07, 125.07, 125.07, 125.07, 125.07, 125.07, 125.07, 125.07, 125.07, 125.07]
111	126.34	0.0000	10	[126.34, 126.34, 126.34, 126.34, 126.34, 126.34, 126.34, 126.34, 126.34, 126.34]
112	126.04	0.0000	10	[126.04, 126.04, 126.04, 126.04, 126.04, 126.04, 126.04, 126.04, 126.04, 126.04]
113	127.75	0.0053	10	[127.74, 127.74, 127.74, 127.74, 127.74, 127.75, 127.75, 127.75, 127.75, 127.75]
114	128.60	0.0000	10	[128.6, 128.6, 128.6, 128.6, 128.6, 128.6, 128.6, 128.6, 128.6, 128.6]
115	129.94	0.0000	10	[129.94, 129.94, 129.94, 129.94, 129.94, 129.94, 129.94, 129.94, 129.94, 129.94]
116	130.78	0.0042	10	[130.78, 130.78, 130.78, 130.78, 130.78, 130.78, 130.78, 130.78, 130.77, 130.77]
117	132.05	0.1202	10	[131.71, 132.09, 132.09, 132.09, 132.09, 132.09, 132.09, 132.09, 132.09, 132.09]
118	132.93	0.0000	10	[132.93, 132.93, 132.93, 132.93, 132.93, 132.93, 132.93, 132.93, 132.93, 132.93]
119	134.25	0.0000	10	[134.25, 134.25, 134.25, 134.25, 134.25, 134.25, 134.25, 134.25, 134.25, 134.25]
120	135.09	0.0000	10	[135.09, 135.09, 135.09, 135.09, 135.09, 135.09, 135.09, 135.09, 135.09, 135.09]
121	136.44	0.0000	10	[136.44, 136.44, 136.44, 136.44, 136.44, 136.44, 136.44, 136.44, 136.44, 136.44]
122	137.25	0.0791	10	[137.02, 137.27, 137.27, 137.27, 137.27, 137.27, 137.27, 137.27, 137.27, 137.27]
123	138.57	0.0053	10	[138.57, 138.57, 138.57, 138.57, 138.57, 138.58, 138.58, 138.58, 138.58, 138.58]
124	139.45	0.0000	10	[139.45, 139.45, 139.45, 139.45, 139.45, 139.45, 139.45, 139.45, 139.45, 139.45]
125	140.75	0.0042	10	[140.75, 140.75, 140.75, 140.75, 140.75, 140.75, 140.75, 140.75, 140.76, 140.76]
126	141.62	0.0000	10	[141.62, 141.62, 141.62, 141.62, 141.62, 141.62, 141.62, 141.62, 141.62, 141.62]
127	142.86	0.0000	10	[142.86, 142.86, 142.86, 142.86, 142.86, 142.86, 142.86, 142.86, 142.86, 142.86]
128	142.22	0.0000	10	[142.22, 142.22, 142.22, 142.22, 142.22, 142.22, 142.22, 142.22, 142.22, 142.22]
129	143.91	0.0032	10	[143.91, 143.91, 143.91, 143.91, 143.91, 143.91, 143.91, 143.91, 143.91, 143.92]
130	144.60	0.0175	10	[144.58, 144.58, 144.59, 144.59, 144.6, 144.6, 144.61, 144.62, 144.62, 144.63]
131	146.08	0.0000	10	[146.08, 146.08, 146.08, 146.08, 146.08, 146.08, 146.08, 146.08, 146.08, 146.08]
132	146.93	0.0000	10	[146.93, 146.93, 146.93, 146.93, 146.93, 146.93, 146.93, 146.93, 146.93, 146.93]
133	148.25	0.0000	10	[148.25, 148.25, 148.25, 148.25, 148.25, 148.25, 148.25, 148.25, 148.25, 148.25]
134	149.07	0.0000	10	[149.07, 149.07, 149.07, 149.07, 149.07, 149.07, 149.07, 149.07, 149.07, 149.07]
135	150.39	0.0664	10	[150.2, 150.41, 150.41, 150.41, 150.41, 150.41, 150.41, 150.41, 150.41, 150.41]
136	151.26	0.0032	10	[151.26, 151.26, 151.26, 151.26, 151.26, 151.26, 151.26, 151.26, 151.26, 151.25]
137	152.55	0.0048	10	[152.54, 152.54, 152.54, 152.55, 152.55, 152.55, 152.55, 152.55, 152.55, 152.55]
138	153.40	0.0063	10	[153.39, 153.39, 153.39, 153.4, 153.4, 153.4, 153.4, 153.4, 153.4, 153.41]
139	154.76	0.0000	10	[154.76, 154.76, 154.76, 154.76, 154.76, 154.76, 154.76, 154.76, 154.76, 154.76]
140	155.62	0.0000	10	[155.62, 155.62, 155.62, 155.62, 155.62, 155.62, 155.62, 155.62, 155.62, 155.62]
141	156.95	0.0000	10	[156.95, 156.95, 156.95, 156.95, 156.95, 156.95, 156.95, 156.95, 156.95, 156.95]
142	157.78	0.0000	10	[157.78, 157.78, 157.78, 157.78, 157.78, 157.78, 157.78, 157.78, 157.78, 157.78]
143	159.03	0.0000	10	[159.03, 159.03, 159.03, 159.03, 159.03, 159.03, 159.03, 159.03, 159.03, 159.03]
144	158.66	0.0048	10	[158.66, 158.66, 158.66, 158.66, 158.66, 158.66, 158.66, 158.65, 158.65, 158.65]
145	160.27	0.0048	10	[160.27, 160.27, 160.27, 160.27, 160.27, 160.27, 160.27, 160.28, 160.28, 160.28]
146	161.16	0.0000	10	[161.16, 161.16, 161.16, 161.16, 161.16, 161.16, 161.16, 161.16, 161.16, 161.16]
147	162.47	0.0048	10	[162.47, 162.47, 162.47, 162.47, 162.47, 162.47, 162.47, 162.48, 162.48, 162.48]
148	163.34	0.0053	10	[163.34, 163.34, 163.34, 163.34, 163.34, 163.33, 163.33, 163.33, 163.33, 163.33]
149	164.57	0.0048	10	[164.57, 164.57, 164.57, 164.57, 164.57, 164.57, 164.57, 164.58, 164.58, 164.58]
150	165.52	0.0000	10	[165.52, 165.52, 165.52, 165.52, 165.52, 165.52, 165.52, 165.52, 165.52, 165.52]
151	166.84	0.0000	10	[166.84, 166.84, 166.84, 166.84, 166.84, 166.84, 166.84, 166.84, 166.84, 166.84]
152	167.69	0.0053	10	[167.7, 167.7, 167.7, 167.7, 167.7, 167.69, 167.69, 167.69, 167.69, 167.69]
153	169.00	0.0747	10	[168.79, 169.03, 169.03, 169.03, 169.03, 169.03, 169.02, 169.02, 169.02, 169.02]
154	169.85	0.0052	10	[169.85, 169.85, 169.85, 169.85, 169.86, 169.86, 169.86, 169.86, 169.85, 169.85]
155	171.12	0.0052	10	[171.13, 171.13, 171.13, 171.13, 171.12, 171.12, 171.12, 171.12, 171.12, 171.12]
156	171.97	0.0088	10	[171.96, 171.96, 171.96, 171.96, 171.97, 171.97, 171.97, 171.98, 171.98, 171.98]
157	173.34	0.0000	10	[173.34, 173.34, 173.34, 173.34, 173.34, 173.34, 173.34, 173.34, 173.34, 173.34]
158	174.20	0.0885	10	[173.95, 174.23, 174.23, 174.23, 174.23, 174.23, 174.23, 174.23, 174.23, 174.23]
159	175.45	0.0052	10	[175.45, 175.45, 175.45, 175.45, 175.45, 175.45, 175.44, 175.44, 175.44, 175.44]
160	174.75	0.0052	10	[174.74, 174.74, 174.74, 174.74, 174.75, 174.75, 174.75, 174.75, 174.75, 174.75]
161	176.43	0.0000	10	[176.43, 176.43, 176.43, 176.43, 176.43, 176.43, 176.43, 176.43, 176.43, 176.43]
162	177.28	0.0000	10	[177.28, 177.28, 177.28, 177.28, 177.28, 177.28, 177.28, 177.28, 177.28, 177.28]
163	178.58	0.0000	10	[178.58, 178.58, 178.58, 178.58, 178.58, 178.58, 178.58, 178.58, 178.58, 178.58]
164	179.44	0.0053	10	[179.44, 179.44, 179.44, 179.44, 179.44, 179.45, 179.45, 179.45, 179.45, 179.45]
165	180.70	0.0053	10	[180.71, 180.71, 180.71, 180.71, 180.71, 180.7, 180.7, 180.7, 180.7, 180.7]
166	181.53	0.0110	10	[181.52, 181.52, 181.52, 181.52, 181.52, 181.53, 181.53, 181.54, 181.54, 181.55]
167	182.81	0.0184	10	[182.78, 182.78, 182.79, 182.8, 182.8, 182.81, 182.81, 182.82, 182.83, 182.83]
168	183.80	0.0000	10	[183.8, 183.8, 183.8, 183.8, 183.8, 183.8, 183.8, 183.8, 183.8, 183.8]
169	185.01	0.0132	10	[184.99, 185.0, 185.0, 185.01, 185.01, 185.01, 185.02, 185.02, 185.03, 185.03]
170	185.87	0.0082	10	[185.86, 185.86, 185.86, 185.86, 185.86, 185.87, 185.87, 185.87, 185.88, 185.88]
171	187.26	0.0000	10	[187.26, 187.26, 187.26, 187.26, 187.26, 187.26, 187.26, 187.26, 187.26, 187.26]
172	188.08	0.0070	10	[188.09, 188.09, 188.09, 188.09, 188.09, 188.08, 188.08, 188.08, 188.08, 188.07]
173	189.31	0.0125	10	[189.3, 189.3, 189.3, 189.3, 189.3, 189.31, 189.31, 189.32, 189.33, 189.33]
174	190.33	0.0052	10	[190.33, 190.33, 190.33, 190.33, 190.33, 190.33, 190.32, 190.32, 190.32, 190.32]
175	191.55	0.0052	10	[191.54, 191.54, 191.54, 191.54, 191.55, 191.55, 191.55, 191.55, 191.55, 191.55]
176	191.27	0.0079	10	[191.28, 191.28, 191.27, 191.27, 191.27, 191.27, 191.26, 191.26, 191.26, 191.26]
177	192.86	0.0000	10	[192.86, 192.86, 192.86, 192.86, 192.86, 192.86, 192.86, 192.86, 192.86, 192.86]
178	193.74	0.0052	10	[193.73, 193.73, 193.73, 193.73, 193.74, 193.74, 193.74, 193.74, 193.74, 193.74]
179	195.04	0.0000	10	[195.04, 195.04, 195.04, 195.04, 195.04, 195.04, 195.04, 195.04, 195.04, 195.04]
180	195.90	0.0000	10	[195.9, 195.9, 195.9, 195.9, 195.9, 195.9, 195.9, 195.9, 195.9, 195.9]
181	197.20	0.0696	10	[197.0, 197.22, 197.22, 197.22, 197.22, 197.22, 197.22, 197.22, 197.22, 197.22]
182	198.03	0.0000	10	[198.03, 198.03, 198.03, 198.03, 198.03, 198.03, 198.03, 198.03, 198.03, 198.03]
183	199.32	0.0074	10	[199.31, 199.31, 199.31, 199.32, 199.32, 199.32, 199.32, 199.32, 199.33, 199.33]
184	200.23	0.0032	10	[200.22, 200.23, 200.23, 200.23, 200.23, 200.23, 200.23, 200.23, 200.23, 200.23]
185	201.53	0.0048	10	[201.52, 201.52, 201.52, 201.53, 201.53, 201.53, 201.53, 201.53, 201.53, 201.53]
186	202.40	0.0000	10	[202.4, 202.4, 202.4, 202.4, 202.4, 202.4, 202.4, 202.4, 202.4, 202.4]
187	203.68	0.0032	10	[203.68, 203.68, 203.68, 203.68, 203.68, 203.68, 203.68, 203.68, 203.68, 203.69]
188	204.57	0.0000	10	[204.57, 204.57, 204.57, 204.57, 204.57, 204.57, 204.57, 204.57, 204.57, 204.57]
189	205.85	0.0000	10	[205.85, 205.85, 205.85, 205.85, 205.85, 205.85, 205.85, 205.85, 205.85, 205.85]
190	206.71	0.0052	10	[206.71, 206.71, 206.71, 206.71, 206.71, 206.71, 206.72, 206.72, 206.72, 206.72]
191	207.96	0.0048	10	[207.95, 207.95, 207.95, 207.96, 207.96, 207.96, 207.96, 207.96, 207.96, 207.96]
192	207.18	0.0000	10	[207.18, 207.18, 207.18, 207.18, 207.18, 207.18, 207.18, 207.18, 207.18, 207.18]
193	208.81	0.0000	10	[208.81, 208.81, 208.81, 208.81, 208.81, 208.81, 208.81, 208.81, 208.81, 208.81]
194	209.71	0.0000	10	[209.71, 209.71, 209.71, 209.71, 209.71, 209.71, 209.71, 209.71, 209.71, 209.71]
195	211.00	0.0048	10	[210.99, 210.99, 210.99, 211.0, 211.0, 211.0, 211.0, 211.0, 211.0, 211.0]
196	211.84	0.0053	10	[211.83, 211.83, 211.83, 211.83, 211.83, 211.84, 211.84, 211.84, 211.84, 211.84]
197	213.13	0.0042	10	[213.13, 213.13, 213.13, 213.13, 213.13, 213.13, 213.13, 213.13, 213.14, 213.14]
198	214.01	0.0000	10	[214.01, 214.01, 214.01, 214.01, 214.01, 214.01, 214.01, 214.01, 214.01, 214.01]
199	215.16	0.0171	10	[215.14, 215.14, 215.15, 215.16, 215.16, 215.17, 215.17, 215.18, 215.18, 215.19]
200	216.16	0.0000	10	[216.16, 216.16, 216.16, 216.16, 216.16, 216.16, 216.16, 216.16, 216.16, 216.16]
201	217.46	0.0042	10	[217.45, 217.45, 217.46, 217.46, 217.46, 217.46, 217.46, 217.46, 217.46, 217.46]
202	218.33	0.0052	10	[218.33, 218.33, 218.33, 218.33, 218.33, 218.33, 218.34, 218.34, 218.34, 218.34]
203	219.36	0.0070	10	[219.36, 219.35, 219.35, 219.35, 219.35, 219.35, 219.36, 219.36, 219.36, 219.37]
204	220.21	0.0149	10	[220.19, 220.19, 220.2, 220.2, 220.21, 220.21, 220.22, 220.22, 220.23, 220.23]
205	221.57	0.0079	10	[221.56, 221.56, 221.57, 221.57, 221.57, 221.57, 221.58, 221.58, 221.58, 221.58]
206	222.44	0.0079	10	[222.43, 222.43, 222.44, 222.44, 222.44, 222.44, 222.45, 222.45, 222.45, 222.45]
207	223.72	0.0032	10	[223.72, 223.72, 223.72, 223.72, 223.72, 223.72, 223.72, 223.72, 223.72, 223.73]
208	223.20	0.0052	10	[223.21, 223.21, 223.21, 223.21, 223.2, 223.2, 223.2, 223.2, 223.2, 223.2]
209	224.81	0.0052	10	[224.81, 224.81, 224.81, 224.81, 224.81, 224.81, 224.82, 224.82, 224.82, 224.82]
210	225.71	0.0042	10	[225.71, 225.71, 225.71, 225.71, 225.71, 225.71, 225.71, 225.71, 225.7, 225.7]
211	226.97	0.0042	10	[226.97, 226.97, 226.97, 226.97, 226.97, 226.97, 226.97, 226.97, 226.96, 226.96]
212	227.64	0.0000	10	[227.64, 227.64, 227.64, 227.64, 227.64, 227.64, 227.64, 227.64, 227.64, 227.64]
213	229.29	0.0052	10	[229.29, 229.29, 229.29, 229.29, 229.29, 229.29, 229.3, 229.3, 229.3, 229.3]
214	230.18	0.0000	10	[230.18, 230.18, 230.18, 230.18, 230.18, 230.18, 230.18, 230.18, 230.18, 230.18]
215	231.49	0.0000	10	[231.49, 231.49, 231.49, 231.49, 231.49, 231.49, 231.49, 231.49, 231.49, 231.49]
216	232.33	0.0000	10	[232.33, 232.33, 232.33, 232.33, 232.33, 232.33, 232.33, 232.33, 232.33, 232.33]
217	233.62	0.0000	10	[233.62, 233.62, 233.62, 233.62, 233.62, 233.62, 233.62, 233.62, 233.62, 233.62]
218	234.44	0.0048	10	[234.44, 234.44, 234.44, 234.44, 234.44, 234.44, 234.44, 234.45, 234.45, 234.45]
219	235.75	0.0000	10	[235.75, 235.75, 235.75, 235.75, 235.75, 235.75, 235.75, 235.75, 235.75, 235.75]
220	236.62	0.0048	10	[236.61, 236.61, 236.61, 236.62, 236.62, 236.62, 236.62, 236.62, 236.62, 236.62]
221	237.92	0.0052	10	[237.92, 237.92, 237.92, 237.92, 237.92, 237.92, 237.91, 237.91, 237.91, 237.91]
222	238.77	0.0032	10	[238.77, 238.77, 238.77, 238.77, 238.77, 238.77, 238.77, 238.77, 238.77, 238.78]
223	240.01	0.0000	10	[240.01, 240.01, 240.01, 240.01, 240.01, 240.01, 240.01, 240.01, 240.01, 240.01]
224	239.12	0.0053	10	[239.13, 239.13, 239.13, 239.13, 239.13, 239.12, 239.12, 239.12, 239.12, 239.12]
225	240.73	0.0032	10	[240.73, 240.73, 240.73, 240.73, 240.73, 240.73, 240.73, 240.73, 240.73, 240.72]
226	241.57	0.0042	10	[241.57, 241.57, 241.57, 241.57, 241.57, 241.57, 241.57, 241.57, 241.58, 241.58]
227	242.90	0.1265	10	[242.54, 242.94, 242.94, 242.94, 242.94, 242.94, 242.94, 242.94, 242.94, 242.94]
228	243.80	0.0000	10	[243.8, 243.8, 243.8, 243.8, 243.8, 243.8, 243.8, 243.8, 243.8, 243.8]
229	245.05	0.0000	10	[245.05, 245.05, 245.05, 245.05, 245.05, 245.05, 245.05, 245.05, 245.05, 245.05]
230	245.94	0.0053	10	[245.94, 245.94, 245.94, 245.94, 245.94, 245.95, 245.95, 245.95, 245.95, 245.95]
231	247.23	0.0000	10	[247.23, 247.23, 247.23, 247.23, 247.23, 247.23, 247.23, 247.23, 247.23, 247.23]
232	248.10	0.0806	10	[247.87, 248.13, 248.13, 248.12, 248.13, 248.13, 248.12, 248.12, 248.12, 248.12]
233	249.36	0.0000	10	[249.36, 249.36, 249.36, 249.36, 249.36, 249.36, 249.36, 249.36, 249.36, 249.36]
234	250.26	0.0000	10	[250.26, 250.26, 250.26, 250.26, 250.26, 250.26, 250.26, 250.26, 250.26, 250.26]
235	251.49	0.0048	10	[251.48, 251.48, 251.48, 251.49, 251.49, 251.49, 251.49, 251.49, 251.49, 251.49]
236	252.38	0.0000	10	[252.38, 252.38, 252.38, 252.38, 252.38, 252.38, 252.38, 252.38, 252.38, 252.38]
237	253.46	0.0171	10	[253.44, 253.44, 253.45, 253.46, 253.46, 253.47, 253.47, 253.48, 253.48, 253.49]
238	254.50	0.0000	10	[254.5, 254.5, 254.5, 254.5, 254.5, 254.5, 254.5, 254.5, 254.5, 254.5]
239	255.68	0.0000	10	[255.68, 255.68, 255.68, 255.68, 255.68, 255.68, 255.68, 255.68, 255.68, 255.68]
240	254.94	0.0000	10	[254.94, 254.94, 254.94, 254.94, 254.94, 254.94, 254.94, 254.94, 254.94, 254.94]
241	256.46	0.0042	10	[256.45, 256.45, 256.46, 256.46, 256.46, 256.46, 256.46, 256.46, 256.46, 256.46]
242	257.25	0.0137	10	[257.23, 257.23, 257.24, 257.24, 257.25, 257.25, 257.26, 257.26, 257.26, 257.27]
243	258.58	0.0032	10	[258.58, 258.58, 258.58, 258.58, 258.58, 258.58, 258.58, 258.58, 258.58, 258.59]
244	259.44	0.0053	10	[259.44, 259.44, 259.44, 259.44, 259.44, 259.45, 259.45, 259.45, 259.45, 259.45]
245	260.66	0.0000	10	[260.66, 260.66, 260.66, 260.66, 260.66, 260.66, 260.66, 260.66, 260.66, 260.66]
246	261.50	0.0053	10	[261.5, 261.5, 261.5, 261.5, 261.5, 261.51, 261.51, 261.51, 261.51, 261.51]
247	262.25	0.1034	10	[262.18, 262.18, 262.18, 262.18, 262.18, 262.19, 262.19, 262.39, 262.4, 262.4]
248	263.29	0.0125	10	[263.27, 263.28, 263.28, 263.28, 263.29, 263.29, 263.3, 263.3, 263.3, 263.31]
249	264.53	0.0048	10	[264.53, 264.53, 264.53, 264.53, 264.53, 264.53, 264.53, 264.54, 264.54, 264.54]
250	265.47	0.0000	10	[265.47, 265.47, 265.47, 265.47, 265.47, 265.47, 265.47, 265.47, 265.47, 265.47]
251	266.37	0.1176	10	[266.45, 266.45, 266.45, 266.45, 266.44, 266.43, 266.43, 266.2, 266.2, 266.2]
252	267.27	0.2840	10	[267.05, 267.05, 267.05, 267.05, 267.05, 267.05, 267.6, 267.6, 267.6, 267.6]
253	268.63	0.0042	10	[268.63, 268.63, 268.63, 268.63, 268.63, 268.63, 268.63, 268.63, 268.64, 268.64]
254	269.55	0.0000	10	[269.55, 269.55, 269.55, 269.55, 269.55, 269.55, 269.55, 269.55, 269.55, 269.55]
255	270.43	0.0117	10	[270.42, 270.42, 270.42, 270.43, 270.43, 270.44, 270.44, 270.44, 270.45, 270.45]
256	0.18	0.0000	10	[0.18, 0.18, 0.18, 0.18, 0.18, 0.18, 0.18, 0.18, 0.18, 0.18]
# Ended on:  2021-07-17 20:23:39.558242
