SN2	# serial number
R2	# resistor number
12	# minimum resistance value
275	# maximum resistance value
265	# number of resistances
# Rnominal, Registers[1-4], Ractual, Rerror
0.0	0	0	0	0	0.200	+0.200
12.0	1	1	1	0	12.010	+0.010
13.0	1	1	1	2	12.940	-0.060
14.0	3	2	2	2	13.940	+0.060
15.0	2	3	3	3	14.960	-0.040
16.0	4	4	4	4	15.910	+0.090
17.0	4	5	5	5	16.900	-0.100
18.0	6	6	6	5	17.900	+0.100
19.0	6	6	7	7	19.000	-0.000
20.0	8	8	7	7	20.000	+0.000
21.0	9	9	9	8	21.050	+0.050
22.0	9	9	10	10	21.950	-0.050
23.0	10	10	10	11	22.970	-0.030
24.0	11	11	12	12	23.970	-0.030
25.0	13	13	12	12	24.970	+0.030
26.0	13	13	14	14	26.050	-0.050
27.0	15	15	14	14	27.050	+0.050
28.0	15	15	16	16	28.020	-0.020
29.0	17	17	16	16	29.020	+0.020
30.0	16	17	17	17	30.060	-0.060
31.0	18	18	18	18	31.020	-0.020
32.0	18	18	19	19	32.010	-0.010
33.0	20	20	19	19	33.010	+0.010
34.0	21	21	21	20	34.030	+0.030
35.0	22	22	21	21	35.090	+0.090
36.0	22	22	22	23	36.000	-0.000
37.0	24	23	23	23	37.000	+0.000
38.0	25	25	24	24	38.010	+0.010
39.0	25	25	25	26	38.900	-0.100
40.0	27	26	26	26	39.900	+0.100
41.0	27	27	27	27	41.020	-0.020
42.0	29	28	28	28	42.030	+0.030
43.0	28	29	29	29	42.950	-0.050
44.0	30	30	30	30	43.920	+0.080
45.0	30	31	31	31	44.970	-0.030
46.0	33	33	33	32	45.990	+0.010
47.0	33	33	33	33	47.080	-0.080
48.0	35	34	34	34	48.100	+0.100
49.0	34	35	35	35	49.000	-0.000
50.0	36	36	36	35	50.000	+0.000
51.0	36	36	37	37	50.900	-0.100
52.0	37	38	38	38	51.910	-0.090
53.0	38	38	39	39	53.070	-0.070
54.0	39	40	40	40	54.060	-0.060
55.0	40	40	41	41	55.060	-0.060
56.0	41	41	42	42	56.000	-0.000
57.0	43	43	42	42	57.000	+0.000
58.0	43	43	44	44	58.100	-0.100
59.0	45	45	44	44	59.100	+0.100
60.0	45	45	45	45	59.990	+0.010
61.0	47	46	46	46	60.910	+0.090
62.0	46	47	47	47	61.880	-0.120
63.0	49	49	48	48	62.970	+0.030
64.0	48	49	49	49	63.970	-0.030
65.0	50	50	50	50	65.000	-0.000
66.0	50	51	51	51	66.000	-0.000
67.0	52	52	52	51	67.000	+0.000
68.0	52	52	53	53	68.060	-0.060
69.0	54	54	53	53	69.060	+0.060
70.0	54	54	54	55	69.970	-0.030
71.0	55	55	56	56	70.980	-0.020
72.0	57	57	56	56	71.980	+0.020
73.0	57	57	57	58	72.910	-0.090
74.0	59	58	58	58	73.910	+0.090
75.0	59	59	59	60	75.060	-0.060
76.0	61	60	60	60	76.060	+0.060
77.0	60	61	61	61	76.940	-0.060
78.0	62	62	62	62	78.020	-0.020
79.0	62	63	63	63	79.070	-0.070
80.0	65	65	65	64	80.040	+0.040
81.0	65	65	65	66	80.920	-0.080
82.0	67	66	66	66	81.920	+0.080
83.0	67	67	67	67	83.090	-0.090
84.0	69	68	68	68	84.120	+0.120
85.0	68	69	69	69	84.980	-0.020
86.0	70	70	70	70	86.000	-0.000
87.0	70	70	71	71	86.900	-0.100
88.0	71	72	72	72	87.920	-0.080
89.0	72	72	73	73	88.960	-0.040
90.0	74	74	73	73	89.960	+0.040
91.0	74	74	74	75	90.960	-0.040
92.0	75	75	76	76	91.970	-0.030
93.0	77	77	76	76	92.970	+0.030
94.0	77	77	77	78	93.900	-0.100
95.0	79	78	78	78	94.900	+0.100
96.0	79	79	79	79	96.000	-0.000
97.0	80	80	80	81	97.010	-0.010
98.0	82	81	81	81	98.010	+0.010
99.0	83	83	82	82	99.120	+0.120
100.0	83	83	83	83	100.010	-0.010
101.0	85	84	84	84	101.040	+0.040
102.0	84	85	85	85	101.910	-0.090
103.0	86	86	86	86	102.950	+0.050
104.0	86	87	87	87	104.050	-0.050
105.0	88	88	88	87	105.050	+0.050
106.0	88	88	89	89	106.030	-0.030
107.0	90	90	89	89	107.030	+0.030
108.0	91	91	91	90	108.040	+0.040
109.0	92	91	91	91	108.930	+0.070
110.0	92	92	92	93	110.070	-0.070
111.0	94	93	93	93	111.070	+0.070
112.0	95	95	94	94	112.120	+0.120
113.0	97	96	96	96	112.990	+0.010
114.0	96	96	97	97	113.970	-0.030
115.0	97	98	98	98	115.010	-0.010
116.0	99	99	99	98	116.010	+0.010
117.0	99	99	100	100	116.940	-0.060
118.0	101	101	100	100	117.940	+0.060
119.0	101	101	102	102	119.050	-0.050
120.0	103	103	102	102	120.050	+0.050
121.0	103	103	103	104	120.990	-0.010
122.0	105	104	104	104	121.990	+0.010
123.0	104	105	105	105	122.890	-0.110
124.0	106	106	106	106	123.910	+0.090
125.0	106	107	107	107	125.060	-0.060
126.0	108	108	108	108	126.060	-0.060
127.0	108	108	109	109	126.890	-0.110
128.0	109	110	110	110	128.000	-0.000
129.0	111	111	111	110	129.000	+0.000
130.0	113	113	112	112	130.120	+0.120
131.0	112	112	113	113	130.970	-0.030
132.0	113	114	114	114	131.980	-0.020
133.0	115	115	115	114	132.980	+0.020
134.0	115	115	116	116	133.930	-0.070
135.0	116	116	116	117	135.040	-0.040
136.0	118	117	117	117	136.040	+0.040
137.0	119	119	118	118	137.060	+0.060
138.0	119	119	119	120	138.000	-0.000
139.0	121	120	120	120	139.000	+0.000
140.0	121	121	121	121	140.070	-0.070
141.0	122	122	122	122	140.880	+0.120
142.0	122	123	123	123	141.990	-0.010
143.0	124	124	124	123	142.990	+0.010
144.0	124	124	125	125	143.920	-0.080
145.0	125	126	126	126	144.950	-0.050
146.0	127	127	127	126	145.950	+0.050
147.0	129	129	129	128	146.950	+0.050
148.0	129	129	129	130	147.920	-0.080
149.0	131	130	130	130	148.920	+0.080
150.0	131	131	131	131	150.020	-0.020
151.0	133	132	132	132	151.110	+0.110
152.0	132	133	133	133	151.960	-0.040
153.0	134	134	134	134	153.040	-0.040
154.0	134	134	135	135	153.900	-0.100
155.0	135	136	136	136	154.960	-0.040
156.0	137	137	137	136	155.960	+0.040
157.0	137	138	138	138	157.040	-0.040
158.0	138	138	138	139	157.980	-0.020
159.0	139	139	140	140	159.000	-0.000
160.0	141	141	140	140	160.000	+0.000
161.0	141	141	141	142	160.910	-0.090
162.0	143	142	142	142	161.910	+0.090
163.0	144	144	144	144	162.960	+0.040
164.0	144	144	144	145	163.950	-0.050
165.0	146	145	145	145	164.950	+0.050
166.0	147	146	146	146	165.880	+0.120
167.0	147	147	147	147	167.010	-0.010
168.0	149	148	148	148	168.050	+0.050
169.0	148	149	149	149	168.890	-0.110
170.0	150	150	150	150	169.920	+0.080
171.0	150	151	151	151	171.040	-0.040
172.0	152	152	152	151	172.040	+0.040
173.0	152	152	153	153	172.950	-0.050
174.0	153	154	154	154	173.990	-0.010
175.0	155	155	155	154	174.990	+0.010
176.0	155	155	156	156	175.900	-0.100
177.0	156	156	156	157	177.030	-0.030
178.0	158	157	157	157	178.030	+0.030
179.0	159	159	158	158	179.100	+0.100
180.0	161	160	160	160	179.920	+0.080
181.0	160	160	161	161	180.890	-0.110
182.0	161	162	162	162	181.940	-0.060
183.0	162	162	163	163	183.050	-0.050
184.0	164	164	163	163	184.050	+0.050
185.0	164	164	164	165	184.930	-0.070
186.0	165	165	166	166	186.030	-0.030
187.0	167	167	166	166	187.030	+0.030
188.0	167	167	167	168	187.920	-0.080
189.0	169	168	168	168	188.920	+0.080
190.0	169	169	169	170	189.970	-0.030
191.0	171	170	170	170	190.970	+0.030
192.0	171	171	171	171	192.000	-0.000
193.0	173	172	172	172	193.070	+0.070
194.0	172	173	173	173	193.920	-0.080
195.0	174	174	174	174	194.970	+0.030
196.0	174	175	175	175	196.060	-0.060
197.0	177	177	177	176	197.020	+0.020
198.0	176	177	177	177	197.880	-0.120
199.0	178	178	178	178	198.990	+0.010
200.0	178	178	179	179	199.880	-0.120
201.0	180	180	180	180	201.090	-0.090
202.0	180	180	181	181	202.010	-0.010
203.0	182	182	181	181	203.010	+0.010
204.0	183	183	183	182	204.020	+0.020
205.0	183	184	184	184	205.080	-0.080
206.0	184	184	184	185	206.020	-0.020
207.0	186	185	185	185	207.020	+0.020
208.0	187	187	186	186	207.970	+0.030
209.0	187	187	187	187	209.040	-0.040
210.0	189	188	188	188	210.100	+0.100
211.0	188	189	189	189	210.970	-0.030
212.0	190	190	190	190	212.030	-0.030
213.0	190	191	191	191	213.030	-0.030
214.0	192	192	193	193	213.930	-0.070
215.0	194	194	193	193	214.930	+0.070
216.0	194	194	195	195	216.050	-0.050
217.0	196	196	195	195	217.050	+0.050
218.0	197	197	197	196	218.080	+0.080
219.0	197	197	198	198	218.950	-0.050
220.0	199	199	198	198	219.950	+0.050
221.0	199	199	199	200	220.930	-0.070
222.0	201	200	200	200	221.930	+0.070
223.0	201	201	201	202	223.030	-0.030
224.0	203	202	202	202	224.030	+0.030
225.0	203	203	203	203	225.050	-0.050
226.0	204	204	204	204	225.900	+0.100
227.0	204	205	205	205	227.010	-0.010
228.0	206	206	206	205	228.010	+0.010
229.0	206	206	207	207	228.920	-0.080
230.0	209	209	209	208	230.090	+0.090
231.0	209	209	210	210	231.090	-0.090
232.0	211	211	210	210	232.090	+0.090
233.0	211	211	211	211	233.100	-0.100
234.0	212	212	212	212	233.910	+0.090
235.0	212	212	213	213	234.880	-0.120
236.0	213	214	214	214	235.960	-0.040
237.0	214	214	215	215	236.980	-0.020
238.0	216	216	215	215	237.980	+0.020
239.0	216	216	217	217	239.010	-0.010
240.0	218	218	217	217	240.010	+0.010
241.0	218	218	218	219	240.970	-0.030
242.0	220	219	219	219	241.970	+0.030
243.0	221	220	220	220	242.960	+0.040
244.0	221	221	222	222	244.040	-0.040
245.0	223	223	222	222	245.040	+0.040
246.0	225	225	224	224	245.880	+0.120
247.0	225	225	225	225	247.030	-0.030
248.0	227	226	226	226	248.020	+0.020
249.0	227	227	227	227	249.110	-0.110
250.0	228	228	228	228	249.950	+0.050
251.0	228	228	229	229	250.890	-0.110
252.0	230	230	229	229	251.890	+0.110
253.0	230	230	231	231	252.990	-0.010
254.0	231	231	232	232	253.990	-0.010
255.0	233	233	232	232	254.990	+0.010
256.0	233	233	233	232	255.240	+0.760
257.0	232	232	232	233	256.910	-0.090
258.0	234	233	233	233	257.910	+0.090
259.0	233	233	233	234	259.090	-0.090
260.0	237	238	238	238	259.900	-0.100
261.0	238	238	239	239	260.940	-0.060
262.0	241	241	241	241	262.080	-0.080
263.0	241	242	242	242	262.890	-0.110
264.0	243	243	243	242	263.890	+0.110
265.0	245	245	244	244	265.080	+0.080
266.0	244	245	245	245	266.010	-0.010
267.0	247	247	246	246	267.020	+0.020
268.0	247	247	247	248	268.050	-0.050
269.0	249	249	249	249	268.900	+0.100
270.0	249	249	249	250	270.140	-0.140
271.0	250	250	251	251	271.010	-0.010
272.0	253	252	252	252	272.100	+0.100
273.0	252	252	253	253	273.080	-0.080
274.0	255	254	254	254	273.990	+0.010
275.0	254	254	255	255	275.040	-0.040
