# Began on:  2021-07-19 20:12:36.257392
0	12.24	0.1318	10	[12.62, 12.21, 12.21, 12.21, 12.2, 12.2, 12.2, 12.2, 12.2, 12.2]
1	12.20	0.0032	10	[12.2, 12.2, 12.2, 12.2, 12.2, 12.2, 12.2, 12.2, 12.2, 12.19]
2	12.19	0.0000	10	[12.19, 12.19, 12.19, 12.19, 12.19, 12.19, 12.19, 12.19, 12.19, 12.19]
3	12.19	0.0000	10	[12.19, 12.19, 12.19, 12.19, 12.19, 12.19, 12.19, 12.19, 12.19, 12.19]
4	12.19	0.0000	10	[12.19, 12.19, 12.19, 12.19, 12.19, 12.19, 12.19, 12.19, 12.19, 12.19]
5	12.20	0.0052	10	[12.19, 12.19, 12.19, 12.19, 12.2, 12.2, 12.2, 12.2, 12.2, 12.2]
6	12.20	0.0000	10	[12.2, 12.2, 12.2, 12.2, 12.2, 12.2, 12.2, 12.2, 12.2, 12.2]
7	12.20	0.0000	10	[12.2, 12.2, 12.2, 12.2, 12.2, 12.2, 12.2, 12.2, 12.2, 12.2]
8	12.20	0.0000	10	[12.2, 12.2, 12.2, 12.2, 12.2, 12.2, 12.2, 12.2, 12.2, 12.2]
9	12.20	0.0000	10	[12.2, 12.2, 12.2, 12.2, 12.2, 12.2, 12.2, 12.2, 12.2, 12.2]
10	12.20	0.0000	10	[12.2, 12.2, 12.2, 12.2, 12.2, 12.2, 12.2, 12.2, 12.2, 12.2]
11	12.20	0.0048	10	[12.2, 12.2, 12.2, 12.2, 12.2, 12.2, 12.2, 12.19, 12.19, 12.19]
12	12.19	0.0000	10	[12.19, 12.19, 12.19, 12.19, 12.19, 12.19, 12.19, 12.19, 12.19, 12.19]
13	13.11	0.0000	10	[13.11, 13.11, 13.11, 13.11, 13.11, 13.11, 13.11, 13.11, 13.11, 13.11]
14	14.15	0.0048	10	[14.14, 14.14, 14.14, 14.15, 14.15, 14.15, 14.15, 14.15, 14.15, 14.15]
15	15.03	0.0759	10	[14.81, 15.05, 15.05, 15.05, 15.05, 15.05, 15.05, 15.05, 15.05, 15.05]
16	16.02	0.0082	10	[16.01, 16.01, 16.01, 16.02, 16.02, 16.02, 16.02, 16.03, 16.03, 16.03]
17	17.00	0.0042	10	[17.01, 17.01, 17.0, 17.0, 17.0, 17.0, 17.0, 17.0, 17.0, 17.0]
18	17.97	0.0042	10	[17.97, 17.96, 17.97, 17.97, 17.96, 17.97, 17.97, 17.97, 17.97, 17.97]
19	19.11	0.0000	10	[19.11, 19.11, 19.11, 19.11, 19.11, 19.11, 19.11, 19.11, 19.11, 19.11]
20	20.12	0.0000	10	[20.12, 20.12, 20.12, 20.12, 20.12, 20.12, 20.12, 20.12, 20.12, 20.12]
21	20.98	0.0032	10	[20.98, 20.98, 20.98, 20.98, 20.98, 20.98, 20.98, 20.98, 20.98, 20.97]
22	22.01	0.0000	10	[22.01, 22.01, 22.01, 22.01, 22.01, 22.01, 22.01, 22.01, 22.01, 22.01]
23	23.00	0.0105	10	[22.98, 22.99, 22.99, 23.0, 23.0, 23.0, 23.01, 23.01, 23.01, 23.01]
24	24.02	0.0120	10	[24.0, 24.01, 24.01, 24.01, 24.02, 24.02, 24.02, 24.03, 24.03, 24.04]
25	25.19	0.0822	10	[24.96, 25.22, 25.22, 25.22, 25.22, 25.22, 25.22, 25.22, 25.22, 25.22]
26	26.23	0.0696	10	[26.03, 26.25, 26.25, 26.25, 26.25, 26.25, 26.25, 26.25, 26.25, 26.25]
27	26.99	0.0105	10	[26.97, 26.98, 26.98, 26.99, 26.99, 26.99, 27.0, 27.0, 27.0, 27.0]
28	27.85	0.0079	10	[27.84, 27.84, 27.84, 27.84, 27.85, 27.85, 27.85, 27.85, 27.86, 27.86]
29	28.80	0.0127	10	[28.78, 28.78, 28.78, 28.79, 28.79, 28.8, 28.8, 28.81, 28.81, 28.81]
30	30.04	0.0132	10	[30.02, 30.02, 30.03, 30.03, 30.04, 30.04, 30.04, 30.05, 30.05, 30.06]
31	30.93	0.0949	10	[30.66, 30.96, 30.96, 30.96, 30.96, 30.96, 30.96, 30.96, 30.96, 30.96]
32	32.03	0.0048	10	[32.03, 32.03, 32.03, 32.03, 32.03, 32.03, 32.03, 32.04, 32.04, 32.04]
33	33.11	0.0000	10	[33.11, 33.11, 33.11, 33.11, 33.11, 33.11, 33.11, 33.11, 33.11, 33.11]
34	34.01	0.0000	10	[34.01, 34.01, 34.01, 34.01, 34.01, 34.01, 34.01, 34.01, 34.01, 34.01]
35	34.98	0.0048	10	[34.98, 34.98, 34.98, 34.98, 34.98, 34.98, 34.98, 34.99, 34.99, 34.99]
36	36.03	0.0125	10	[36.01, 36.02, 36.02, 36.02, 36.03, 36.03, 36.04, 36.04, 36.04, 36.05]
37	37.15	0.0000	10	[37.15, 37.15, 37.15, 37.15, 37.15, 37.15, 37.15, 37.15, 37.15, 37.15]
38	38.01	0.0000	10	[38.01, 38.01, 38.01, 38.01, 38.01, 38.01, 38.01, 38.01, 38.01, 38.01]
39	39.05	0.0000	10	[39.05, 39.05, 39.05, 39.05, 39.05, 39.05, 39.05, 39.05, 39.05, 39.05]
40	40.14	0.0000	10	[40.14, 40.14, 40.14, 40.14, 40.14, 40.14, 40.14, 40.14, 40.14, 40.14]
41	41.18	0.0048	10	[41.18, 41.18, 41.18, 41.18, 41.18, 41.18, 41.18, 41.19, 41.19, 41.19]
42	42.02	0.0000	10	[42.02, 42.02, 42.02, 42.02, 42.02, 42.02, 42.02, 42.02, 42.02, 42.02]
43	43.09	0.0000	10	[43.09, 43.09, 43.09, 43.09, 43.09, 43.09, 43.09, 43.09, 43.09, 43.09]
44	44.15	0.0000	10	[44.15, 44.15, 44.15, 44.15, 44.15, 44.15, 44.15, 44.15, 44.15, 44.15]
45	45.11	0.0000	10	[45.11, 45.11, 45.11, 45.11, 45.11, 45.11, 45.11, 45.11, 45.11, 45.11]
46	46.36	0.0053	10	[46.36, 46.36, 46.36, 46.36, 46.36, 46.35, 46.35, 46.35, 46.35, 46.35]
47	47.01	0.0000	10	[47.01, 47.01, 47.01, 47.01, 47.01, 47.01, 47.01, 47.01, 47.01, 47.01]
48	48.04	0.0791	10	[47.81, 48.06, 48.06, 48.06, 48.06, 48.06, 48.06, 48.06, 48.06, 48.06]
49	48.99	0.0175	10	[48.96, 48.97, 48.97, 48.98, 48.99, 48.99, 49.0, 49.0, 49.01, 49.01]
50	50.19	0.0949	10	[49.92, 50.22, 50.22, 50.22, 50.22, 50.22, 50.22, 50.22, 50.22, 50.22]
51	51.08	0.0000	10	[51.08, 51.08, 51.08, 51.08, 51.08, 51.08, 51.08, 51.08, 51.08, 51.08]
52	52.09	0.0000	10	[52.09, 52.09, 52.09, 52.09, 52.09, 52.09, 52.09, 52.09, 52.09, 52.09]
53	53.22	0.0000	10	[53.22, 53.22, 53.22, 53.22, 53.22, 53.22, 53.22, 53.22, 53.22, 53.22]
54	54.28	0.0000	10	[54.28, 54.28, 54.28, 54.28, 54.28, 54.28, 54.28, 54.28, 54.28, 54.28]
55	55.10	0.0052	10	[55.1, 55.1, 55.1, 55.1, 55.1, 55.1, 55.11, 55.11, 55.11, 55.11]
56	56.16	0.0632	10	[55.98, 56.18, 56.18, 56.18, 56.18, 56.18, 56.18, 56.18, 56.18, 56.18]
57	57.25	0.0736	10	[57.04, 57.28, 57.28, 57.27, 57.27, 57.27, 57.27, 57.27, 57.27, 57.27]
58	57.89	0.0200	10	[57.86, 57.87, 57.87, 57.88, 57.89, 57.89, 57.9, 57.91, 57.91, 57.92]
59	59.16	0.0032	10	[59.17, 59.16, 59.16, 59.16, 59.16, 59.16, 59.16, 59.16, 59.16, 59.16]
60	60.21	0.0000	10	[60.21, 60.21, 60.21, 60.21, 60.21, 60.21, 60.21, 60.21, 60.21, 60.21]
61	61.04	0.0000	10	[61.04, 61.04, 61.04, 61.04, 61.04, 61.04, 61.04, 61.04, 61.04, 61.04]
62	62.13	0.0000	10	[62.13, 62.13, 62.13, 62.13, 62.13, 62.13, 62.13, 62.13, 62.13, 62.13]
63	62.87	0.0000	10	[62.87, 62.87, 62.87, 62.87, 62.87, 62.87, 62.87, 62.87, 62.87, 62.87]
64	64.07	0.0052	10	[64.07, 64.07, 64.07, 64.07, 64.07, 64.07, 64.08, 64.08, 64.08, 64.08]
65	65.09	0.0103	10	[65.07, 65.08, 65.08, 65.08, 65.09, 65.09, 65.09, 65.1, 65.1, 65.1]
66	66.24	0.0000	10	[66.24, 66.24, 66.24, 66.24, 66.24, 66.24, 66.24, 66.24, 66.24, 66.24]
67	67.08	0.0000	10	[67.08, 67.08, 67.08, 67.08, 67.08, 67.08, 67.08, 67.08, 67.08, 67.08]
68	68.18	0.0000	10	[68.18, 68.18, 68.18, 68.18, 68.18, 68.18, 68.18, 68.18, 68.18, 68.18]
69	69.24	0.0000	10	[69.24, 69.24, 69.24, 69.24, 69.24, 69.24, 69.24, 69.24, 69.24, 69.24]
70	70.11	0.0000	10	[70.11, 70.11, 70.11, 70.11, 70.11, 70.11, 70.11, 70.11, 70.11, 70.11]
71	71.12	0.0000	10	[71.12, 71.12, 71.12, 71.12, 71.12, 71.12, 71.12, 71.12, 71.12, 71.12]
72	72.19	0.0082	10	[72.18, 72.18, 72.18, 72.19, 72.19, 72.19, 72.19, 72.2, 72.2, 72.2]
73	73.27	0.0000	10	[73.27, 73.27, 73.27, 73.27, 73.27, 73.27, 73.27, 73.27, 73.27, 73.27]
74	74.16	0.0000	10	[74.16, 74.16, 74.16, 74.16, 74.16, 74.16, 74.16, 74.16, 74.16, 74.16]
75	75.20	0.0000	10	[75.2, 75.2, 75.2, 75.2, 75.2, 75.2, 75.2, 75.2, 75.2, 75.2]
76	76.31	0.0000	10	[76.31, 76.31, 76.31, 76.31, 76.31, 76.31, 76.31, 76.31, 76.31, 76.31]
77	77.08	0.0000	10	[77.08, 77.08, 77.08, 77.08, 77.08, 77.08, 77.08, 77.08, 77.08, 77.08]
78	78.11	0.0116	10	[78.09, 78.09, 78.1, 78.1, 78.11, 78.11, 78.11, 78.12, 78.12, 78.12]
79	79.34	0.0052	10	[79.34, 79.34, 79.34, 79.34, 79.34, 79.34, 79.33, 79.33, 79.33, 79.33]
80	80.05	0.0000	10	[80.05, 80.05, 80.05, 80.05, 80.05, 80.05, 80.05, 80.05, 80.05, 80.05]
81	81.19	0.0000	10	[81.19, 81.19, 81.19, 81.19, 81.19, 81.19, 81.19, 81.19, 81.19, 81.19]
82	82.28	0.0052	10	[82.29, 82.29, 82.29, 82.29, 82.28, 82.28, 82.28, 82.28, 82.28, 82.28]
83	83.08	0.0000	10	[83.08, 83.08, 83.08, 83.08, 83.08, 83.08, 83.08, 83.08, 83.08, 83.08]
84	84.17	0.0000	10	[84.17, 84.17, 84.17, 84.17, 84.17, 84.17, 84.17, 84.17, 84.17, 84.17]
85	85.23	0.0032	10	[85.22, 85.23, 85.23, 85.23, 85.23, 85.23, 85.23, 85.23, 85.23, 85.23]
86	86.05	0.0917	10	[85.79, 86.08, 86.08, 86.08, 86.08, 86.08, 86.08, 86.08, 86.08, 86.08]
87	87.01	0.0191	10	[86.98, 86.99, 86.99, 87.0, 87.01, 87.01, 87.02, 87.02, 87.03, 87.04]
88	88.22	0.0848	10	[87.98, 88.25, 88.25, 88.25, 88.25, 88.25, 88.25, 88.25, 88.24, 88.24]
89	89.04	0.0822	10	[88.81, 89.07, 89.07, 89.07, 89.07, 89.07, 89.07, 89.07, 89.07, 89.07]
90	90.05	0.1069	10	[89.75, 90.08, 90.08, 90.09, 90.09, 90.09, 90.09, 90.09, 90.09, 90.09]
91	91.20	0.1107	10	[90.89, 91.24, 91.24, 91.24, 91.24, 91.24, 91.24, 91.24, 91.24, 91.24]
92	92.27	0.0000	10	[92.27, 92.27, 92.27, 92.27, 92.27, 92.27, 92.27, 92.27, 92.27, 92.27]
93	93.44	0.0000	10	[93.44, 93.44, 93.44, 93.44, 93.44, 93.44, 93.44, 93.44, 93.44, 93.44]
94	94.11	0.0052	10	[94.11, 94.11, 94.11, 94.11, 94.11, 94.11, 94.12, 94.12, 94.12, 94.12]
95	95.30	0.0000	10	[95.3, 95.3, 95.3, 95.3, 95.3, 95.3, 95.3, 95.3, 95.3, 95.3]
96	96.35	0.0000	10	[96.35, 96.35, 96.35, 96.35, 96.35, 96.35, 96.35, 96.35, 96.35, 96.35]
97	97.35	0.0791	10	[97.13, 97.38, 97.38, 97.38, 97.38, 97.38, 97.38, 97.38, 97.38, 97.38]
98	98.36	0.0048	10	[98.36, 98.36, 98.36, 98.36, 98.36, 98.36, 98.36, 98.37, 98.37, 98.37]
99	99.28	0.0000	10	[99.28, 99.28, 99.28, 99.28, 99.28, 99.28, 99.28, 99.28, 99.28, 99.28]
100	100.29	0.0099	10	[100.3, 100.3, 100.3, 100.29, 100.29, 100.29, 100.29, 100.28, 100.28, 100.27]
101	101.01	0.0070	10	[101.01, 101.01, 101.01, 101.01, 101.01, 101.01, 101.01, 101.02, 101.02, 101.03]
102	102.26	0.0000	10	[102.26, 102.26, 102.26, 102.26, 102.26, 102.26, 102.26, 102.26, 102.26, 102.26]
103	103.35	0.0032	10	[103.34, 103.35, 103.35, 103.35, 103.35, 103.35, 103.35, 103.35, 103.35, 103.35]
104	104.09	0.0053	10	[104.09, 104.09, 104.09, 104.09, 104.09, 104.1, 104.1, 104.1, 104.1, 104.1]
105	105.19	0.0775	10	[104.97, 105.21, 105.21, 105.22, 105.22, 105.22, 105.22, 105.21, 105.21, 105.21]
106	106.29	0.1012	10	[106.0, 106.32, 106.32, 106.32, 106.32, 106.32, 106.32, 106.32, 106.32, 106.32]
107	106.96	0.0175	10	[106.93, 106.94, 106.94, 106.95, 106.96, 106.96, 106.97, 106.97, 106.98, 106.98]
108	108.20	0.0000	10	[108.2, 108.2, 108.2, 108.2, 108.2, 108.2, 108.2, 108.2, 108.2, 108.2]
109	109.25	0.0048	10	[109.24, 109.24, 109.24, 109.25, 109.25, 109.25, 109.25, 109.25, 109.25, 109.25]
110	110.14	0.0032	10	[110.13, 110.14, 110.14, 110.14, 110.14, 110.14, 110.14, 110.14, 110.14, 110.14]
111	111.02	0.0134	10	[111.0, 111.0, 111.01, 111.01, 111.01, 111.02, 111.02, 111.03, 111.03, 111.04]
112	112.26	0.1343	10	[111.88, 112.31, 112.31, 112.31, 112.31, 112.3, 112.3, 112.3, 112.3, 112.3]
113	113.36	0.0000	10	[113.36, 113.36, 113.36, 113.36, 113.36, 113.36, 113.36, 113.36, 113.36, 113.36]
114	114.12	0.0000	10	[114.12, 114.12, 114.12, 114.12, 114.12, 114.12, 114.12, 114.12, 114.12, 114.12]
115	115.18	0.0000	10	[115.18, 115.18, 115.18, 115.18, 115.18, 115.18, 115.18, 115.18, 115.18, 115.18]
116	116.28	0.0000	10	[116.28, 116.28, 116.28, 116.28, 116.28, 116.28, 116.28, 116.28, 116.28, 116.28]
117	117.29	0.0048	10	[117.28, 117.28, 117.28, 117.29, 117.29, 117.29, 117.29, 117.29, 117.29, 117.29]
118	118.14	0.0980	10	[117.86, 118.17, 118.17, 118.17, 118.17, 118.17, 118.17, 118.17, 118.17, 118.17]
119	119.23	0.0000	10	[119.23, 119.23, 119.23, 119.23, 119.23, 119.23, 119.23, 119.23, 119.23, 119.23]
120	120.33	0.0000	10	[120.33, 120.33, 120.33, 120.33, 120.33, 120.33, 120.33, 120.33, 120.33, 120.33]
121	121.13	0.0000	10	[121.13, 121.13, 121.13, 121.13, 121.13, 121.13, 121.13, 121.13, 121.13, 121.13]
122	122.22	0.0000	10	[122.22, 122.22, 122.22, 122.22, 122.22, 122.22, 122.22, 122.22, 122.22, 122.22]
123	123.30	0.0000	10	[123.3, 123.3, 123.3, 123.3, 123.3, 123.3, 123.3, 123.3, 123.3, 123.3]
124	124.11	0.0696	10	[123.91, 124.13, 124.13, 124.13, 124.13, 124.13, 124.13, 124.13, 124.13, 124.13]
125	125.17	0.0854	10	[124.93, 125.2, 125.2, 125.2, 125.2, 125.2, 125.2, 125.2, 125.2, 125.2]
126	126.12	0.0158	10	[126.1, 126.11, 126.11, 126.12, 126.12, 126.13, 126.13, 126.14, 126.14, 126.15]
127	127.12	0.0042	10	[127.12, 127.12, 127.12, 127.12, 127.12, 127.12, 127.12, 127.12, 127.13, 127.13]
128	128.16	0.0042	10	[128.16, 128.16, 128.16, 128.16, 128.16, 128.16, 128.16, 128.16, 128.15, 128.15]
129	129.27	0.0000	10	[129.27, 129.27, 129.27, 129.27, 129.27, 129.27, 129.27, 129.27, 129.27, 129.27]
130	129.99	0.0042	10	[129.98, 129.98, 129.99, 129.99, 129.99, 129.99, 129.99, 129.99, 129.99, 129.99]
131	131.21	0.1044	10	[130.91, 131.24, 131.24, 131.24, 131.24, 131.24, 131.24, 131.24, 131.24, 131.24]
132	132.30	0.0696	10	[132.1, 132.32, 132.32, 132.32, 132.32, 132.32, 132.32, 132.32, 132.32, 132.32]
133	133.14	0.0980	10	[132.86, 133.17, 133.17, 133.17, 133.17, 133.17, 133.17, 133.17, 133.17, 133.17]
134	134.22	0.0641	10	[134.04, 134.25, 134.25, 134.24, 134.24, 134.24, 134.24, 134.24, 134.24, 134.24]
135	135.23	0.0088	10	[135.22, 135.22, 135.22, 135.23, 135.23, 135.23, 135.24, 135.24, 135.24, 135.24]
136	136.37	0.0000	10	[136.37, 136.37, 136.37, 136.37, 136.37, 136.37, 136.37, 136.37, 136.37, 136.37]
137	137.22	0.0000	10	[137.22, 137.22, 137.22, 137.22, 137.22, 137.22, 137.22, 137.22, 137.22, 137.22]
138	138.24	0.0000	10	[138.24, 138.24, 138.24, 138.24, 138.24, 138.24, 138.24, 138.24, 138.24, 138.24]
139	139.37	0.0000	10	[139.37, 139.37, 139.37, 139.37, 139.37, 139.37, 139.37, 139.37, 139.37, 139.37]
140	140.39	0.0000	10	[140.39, 140.39, 140.39, 140.39, 140.39, 140.39, 140.39, 140.39, 140.39, 140.39]
141	141.11	0.0143	10	[141.09, 141.1, 141.1, 141.11, 141.11, 141.12, 141.12, 141.13, 141.13, 141.13]
142	142.16	0.0134	10	[142.14, 142.14, 142.15, 142.15, 142.15, 142.16, 142.16, 142.17, 142.17, 142.18]
143	143.41	0.0053	10	[143.42, 143.42, 143.42, 143.42, 143.42, 143.41, 143.41, 143.41, 143.41, 143.41]
144	144.18	0.0000	10	[144.18, 144.18, 144.18, 144.18, 144.18, 144.18, 144.18, 144.18, 144.18, 144.18]
145	145.19	0.0052	10	[145.19, 145.19, 145.19, 145.19, 145.19, 145.19, 145.18, 145.18, 145.18, 145.18]
146	146.52	0.1047	10	[146.36, 146.36, 146.37, 146.58, 146.58, 146.58, 146.58, 146.58, 146.58, 146.58]
147	146.94	0.0000	10	[146.94, 146.94, 146.94, 146.94, 146.94, 146.94, 146.94, 146.94, 146.94, 146.94]
148	148.14	0.1265	10	[147.78, 148.18, 148.18, 148.18, 148.18, 148.18, 148.18, 148.18, 148.18, 148.18]
149	149.24	0.0042	10	[149.24, 149.24, 149.24, 149.24, 149.25, 149.25, 149.24, 149.24, 149.24, 149.24]
150	150.32	0.0000	10	[150.32, 150.32, 150.32, 150.32, 150.32, 150.32, 150.32, 150.32, 150.32, 150.32]
151	151.10	0.0000	10	[151.1, 151.1, 151.1, 151.1, 151.1, 151.1, 151.1, 151.1, 151.1, 151.1]
152	152.23	0.0032	10	[152.22, 152.23, 152.23, 152.23, 152.23, 152.23, 152.23, 152.23, 152.23, 152.23]
153	153.23	0.0079	10	[153.22, 153.22, 153.22, 153.22, 153.23, 153.23, 153.23, 153.23, 153.24, 153.24]
154	154.35	0.1237	10	[154.0, 154.39, 154.39, 154.39, 154.39, 154.39, 154.39, 154.39, 154.39, 154.4]
155	155.71	0.0048	10	[155.7, 155.7, 155.7, 155.71, 155.71, 155.71, 155.71, 155.71, 155.71, 155.71]
156	156.32	0.0042	10	[156.33, 156.33, 156.32, 156.32, 156.32, 156.32, 156.32, 156.32, 156.32, 156.32]
157	157.30	0.0000	10	[157.3, 157.3, 157.3, 157.3, 157.3, 157.3, 157.3, 157.3, 157.3, 157.3]
158	158.44	0.0042	10	[158.44, 158.44, 158.44, 158.44, 158.44, 158.44, 158.44, 158.44, 158.45, 158.45]
159	159.48	0.0000	10	[159.48, 159.48, 159.48, 159.48, 159.48, 159.48, 159.48, 159.48, 159.48, 159.48]
160	160.00	0.0067	10	[159.99, 160.0, 160.0, 160.0, 160.0, 160.0, 160.01, 160.01, 160.01, 160.01]
161	161.08	0.0854	10	[160.84, 161.11, 161.11, 161.11, 161.11, 161.11, 161.11, 161.11, 161.11, 161.11]
162	162.22	0.0727	10	[162.01, 162.24, 162.24, 162.24, 162.24, 162.24, 162.24, 162.24, 162.24, 162.24]
163	163.63	0.0999	10	[163.48, 163.48, 163.49, 163.69, 163.69, 163.69, 163.69, 163.69, 163.69, 163.69]
164	163.92	0.0175	10	[163.9, 163.9, 163.91, 163.91, 163.92, 163.92, 163.93, 163.94, 163.94, 163.95]
165	165.21	0.0000	10	[165.21, 165.21, 165.21, 165.21, 165.21, 165.21, 165.21, 165.21, 165.21, 165.21]
166	166.55	0.0042	10	[166.55, 166.55, 166.55, 166.55, 166.55, 166.55, 166.55, 166.55, 166.54, 166.54]
167	167.54	0.0000	10	[167.54, 167.54, 167.54, 167.54, 167.54, 167.54, 167.54, 167.54, 167.54, 167.54]
168	168.39	0.0000	10	[168.39, 168.39, 168.39, 168.39, 168.39, 168.39, 168.39, 168.39, 168.39, 168.39]
169	169.37	0.0117	10	[169.36, 169.36, 169.36, 169.37, 169.37, 169.38, 169.38, 169.38, 169.39, 169.39]
170	170.56	0.0000	10	[170.56, 170.56, 170.56, 170.56, 170.56, 170.56, 170.56, 170.56, 170.56, 170.56]
171	171.63	0.0000	10	[171.63, 171.63, 171.63, 171.63, 171.63, 171.63, 171.63, 171.63, 171.63, 171.63]
172	172.21	0.0000	10	[172.21, 172.21, 172.21, 172.21, 172.21, 172.21, 172.21, 172.21, 172.21, 172.21]
173	173.28	0.0000	10	[173.28, 173.28, 173.28, 173.28, 173.28, 173.28, 173.28, 173.28, 173.28, 173.28]
174	174.31	0.0000	10	[174.31, 174.31, 174.31, 174.31, 174.31, 174.31, 174.31, 174.31, 174.31, 174.31]
175	175.39	0.0052	10	[175.38, 175.38, 175.38, 175.38, 175.39, 175.39, 175.39, 175.39, 175.39, 175.39]
176	176.39	0.0137	10	[176.37, 176.37, 176.38, 176.38, 176.39, 176.39, 176.4, 176.4, 176.4, 176.41]
177	177.35	0.1041	10	[177.05, 177.38, 177.38, 177.37, 177.38, 177.38, 177.38, 177.38, 177.38, 177.38]
178	178.36	0.1016	10	[178.07, 178.4, 178.39, 178.39, 178.39, 178.39, 178.39, 178.39, 178.39, 178.39]
179	179.21	0.0980	10	[178.93, 179.24, 179.24, 179.24, 179.24, 179.24, 179.24, 179.24, 179.24, 179.24]
180	180.73	0.1044	10	[180.43, 180.76, 180.76, 180.76, 180.76, 180.76, 180.76, 180.76, 180.76, 180.76]
181	181.25	0.0143	10	[181.23, 181.23, 181.23, 181.24, 181.24, 181.25, 181.25, 181.26, 181.26, 181.27]
182	182.25	0.0191	10	[182.22, 182.23, 182.24, 182.24, 182.25, 182.25, 182.26, 182.27, 182.27, 182.28]
183	183.22	0.0949	10	[182.95, 183.25, 183.25, 183.25, 183.25, 183.25, 183.25, 183.25, 183.25, 183.25]
184	184.30	0.0052	10	[184.3, 184.3, 184.3, 184.3, 184.3, 184.3, 184.29, 184.29, 184.29, 184.29]
185	185.14	0.0000	10	[185.14, 185.14, 185.14, 185.14, 185.14, 185.14, 185.14, 185.14, 185.14, 185.14]
186	186.13	0.0949	10	[185.86, 186.16, 186.16, 186.16, 186.16, 186.16, 186.16, 186.16, 186.16, 186.16]
187	187.27	0.0000	10	[187.27, 187.27, 187.27, 187.27, 187.27, 187.27, 187.27, 187.27, 187.27, 187.27]
188	188.27	0.1150	10	[188.32, 188.32, 188.33, 188.33, 188.32, 188.32, 188.32, 188.32, 188.05, 188.05]
189	189.26	0.0137	10	[189.24, 189.25, 189.25, 189.25, 189.26, 189.26, 189.27, 189.27, 189.28, 189.28]
190	190.07	0.0088	10	[190.06, 190.06, 190.06, 190.07, 190.07, 190.07, 190.08, 190.08, 190.08, 190.08]
191	191.23	0.0063	10	[191.22, 191.22, 191.22, 191.23, 191.23, 191.23, 191.23, 191.23, 191.23, 191.24]
192	192.28	0.0175	10	[192.3, 192.3, 192.29, 192.29, 192.28, 192.28, 192.27, 192.26, 192.26, 192.25]
193	193.08	0.1739	10	[192.83, 192.83, 192.83, 193.19, 193.19, 193.19, 193.19, 193.19, 193.19, 193.19]
194	194.17	0.0149	10	[194.15, 194.15, 194.16, 194.16, 194.17, 194.17, 194.18, 194.18, 194.19, 194.19]
195	195.33	0.0000	10	[195.33, 195.33, 195.33, 195.33, 195.33, 195.33, 195.33, 195.33, 195.33, 195.33]
196	196.10	0.1884	10	[196.22, 196.22, 196.22, 196.22, 196.22, 196.22, 196.22, 195.83, 195.83, 195.83]
197	197.12	0.1069	10	[196.96, 196.96, 196.97, 197.18, 197.18, 197.18, 197.18, 197.19, 197.19, 197.19]
198	198.36	0.0032	10	[198.36, 198.36, 198.36, 198.36, 198.36, 198.36, 198.36, 198.36, 198.36, 198.37]
199	199.44	0.0000	10	[199.44, 199.44, 199.44, 199.44, 199.44, 199.44, 199.44, 199.44, 199.44, 199.44]
200	200.23	0.0000	10	[200.23, 200.23, 200.23, 200.23, 200.23, 200.23, 200.23, 200.23, 200.23, 200.23]
201	201.31	0.0053	10	[201.31, 201.31, 201.31, 201.31, 201.31, 201.32, 201.32, 201.32, 201.32, 201.32]
202	202.29	0.0095	10	[202.27, 202.28, 202.28, 202.28, 202.29, 202.29, 202.29, 202.29, 202.3, 202.3]
203	202.70	0.3889	10	[203.1, 203.1, 203.09, 202.86, 202.86, 202.86, 202.52, 202.19, 202.19, 202.19]
204	203.66	0.3103	10	[203.04, 203.41, 203.41, 203.41, 203.88, 203.88, 203.88, 203.88, 203.88, 203.89]
205	205.08	0.0082	10	[205.07, 205.07, 205.07, 205.07, 205.07, 205.08, 205.08, 205.08, 205.09, 205.09]
206	206.31	0.0032	10	[206.31, 206.31, 206.31, 206.31, 206.31, 206.31, 206.31, 206.32, 206.31, 206.31]
207	207.12	0.0048	10	[207.13, 207.13, 207.13, 207.12, 207.12, 207.12, 207.12, 207.12, 207.12, 207.12]
208	208.30	0.2127	10	[207.74, 208.13, 208.39, 208.39, 208.39, 208.39, 208.39, 208.39, 208.39, 208.39]
209	209.30	0.0149	10	[209.28, 209.28, 209.29, 209.29, 209.3, 209.3, 209.31, 209.31, 209.32, 209.32]
210	210.23	0.0987	10	[210.27, 210.27, 210.27, 210.27, 210.27, 210.28, 210.28, 210.28, 210.04, 210.04]
211	211.18	0.0905	10	[211.0, 211.01, 211.21, 211.21, 211.21, 211.22, 211.22, 211.22, 211.23, 211.23]
212	212.34	0.0000	10	[212.34, 212.34, 212.34, 212.34, 212.34, 212.34, 212.34, 212.34, 212.34, 212.34]
213	213.56	0.0668	10	[213.37, 213.59, 213.58, 213.58, 213.58, 213.58, 213.58, 213.58, 213.58, 213.58]
214	214.22	0.1131	10	[214.12, 214.12, 214.13, 214.13, 214.14, 214.15, 214.35, 214.35, 214.35, 214.35]
215	215.18	0.1255	10	[215.3, 215.3, 215.3, 215.3, 215.29, 215.06, 215.06, 215.06, 215.06, 215.06]
216	216.08	0.2003	10	[215.89, 215.89, 215.89, 215.89, 215.89, 216.27, 216.27, 216.27, 216.27, 216.27]
217	217.30	0.0052	10	[217.3, 217.3, 217.3, 217.3, 217.3, 217.3, 217.29, 217.29, 217.29, 217.29]
218	218.36	0.0727	10	[218.15, 218.38, 218.38, 218.38, 218.38, 218.38, 218.38, 218.38, 218.38, 218.38]
219	219.31	0.1353	10	[219.03, 219.37, 219.37, 219.37, 219.37, 219.37, 219.37, 219.37, 219.37, 219.07]
220	220.38	0.1638	10	[220.01, 220.27, 220.28, 220.28, 220.49, 220.49, 220.49, 220.49, 220.49, 220.49]
221	221.51	0.0000	10	[221.51, 221.51, 221.51, 221.51, 221.51, 221.51, 221.51, 221.51, 221.51, 221.51]
222	222.63	0.1107	10	[222.32, 222.67, 222.67, 222.67, 222.67, 222.67, 222.67, 222.67, 222.67, 222.67]
223	223.22	0.1545	10	[223.4, 223.4, 223.4, 223.39, 223.1, 223.1, 223.1, 223.1, 223.1, 223.09]
224	224.23	0.2692	10	[223.94, 223.94, 223.94, 223.94, 224.17, 224.48, 224.48, 224.48, 224.48, 224.48]
225	225.31	0.0053	10	[225.3, 225.3, 225.3, 225.3, 225.3, 225.31, 225.31, 225.31, 225.31, 225.31]
226	226.38	0.0057	10	[226.37, 226.38, 226.38, 226.38, 226.38, 226.38, 226.38, 226.38, 226.39, 226.39]
227	227.41	0.0175	10	[227.39, 227.39, 227.4, 227.4, 227.41, 227.41, 227.42, 227.43, 227.43, 227.44]
228	228.33	0.0048	10	[228.32, 228.32, 228.32, 228.33, 228.33, 228.33, 228.33, 228.33, 228.33, 228.33]
229	229.49	0.0042	10	[229.49, 229.49, 229.49, 229.49, 229.49, 229.49, 229.49, 229.49, 229.5, 229.5]
230	230.23	0.0000	10	[230.23, 230.23, 230.23, 230.23, 230.23, 230.23, 230.23, 230.23, 230.23, 230.23]
231	231.43	0.1178	10	[231.09, 231.47, 231.47, 231.46, 231.46, 231.46, 231.46, 231.46, 231.46, 231.46]
232	232.57	0.0067	10	[232.56, 232.57, 232.57, 232.57, 232.57, 232.57, 232.58, 232.58, 232.58, 232.58]
233	233.68	0.0000	10	[233.68, 233.68, 233.68, 233.68, 233.68, 233.68, 233.68, 233.68, 233.68, 233.68]
234	234.46	0.0074	10	[234.45, 234.45, 234.46, 234.46, 234.46, 234.46, 234.46, 234.47, 234.47, 234.47]
235	235.59	0.1107	10	[235.28, 235.63, 235.63, 235.63, 235.63, 235.63, 235.63, 235.63, 235.63, 235.63]
236	236.50	0.2698	10	[236.63, 236.63, 236.63, 236.63, 236.63, 236.63, 236.63, 236.63, 235.99, 235.99]
237	237.37	0.2027	10	[237.1, 237.1, 237.11, 237.32, 237.32, 237.54, 237.54, 237.54, 237.55, 237.55]
238	238.74	0.0000	10	[238.74, 238.74, 238.74, 238.74, 238.74, 238.74, 238.74, 238.74, 238.74, 238.74]
239	239.81	0.0052	10	[239.81, 239.81, 239.81, 239.81, 239.81, 239.81, 239.82, 239.82, 239.82, 239.82]
240	240.87	0.0042	10	[240.87, 240.87, 240.87, 240.87, 240.87, 240.87, 240.87, 240.87, 240.88, 240.88]
241	241.74	0.0048	10	[241.74, 241.74, 241.74, 241.74, 241.74, 241.74, 241.74, 241.73, 241.73, 241.73]
242	242.67	0.0063	10	[242.66, 242.67, 242.67, 242.67, 242.67, 242.67, 242.67, 242.68, 242.68, 242.68]
243	243.59	0.0053	10	[243.58, 243.58, 243.58, 243.58, 243.58, 243.59, 243.59, 243.59, 243.59, 243.59]
244	244.62	0.0957	10	[244.35, 244.65, 244.65, 244.65, 244.65, 244.65, 244.65, 244.65, 244.66, 244.66]
245	245.59	0.1534	10	[245.71, 245.71, 245.71, 245.7, 245.7, 245.69, 245.49, 245.49, 245.48, 245.27]
246	245.97	0.3056	10	[245.63, 245.63, 245.86, 245.87, 245.87, 245.87, 245.87, 246.21, 246.47, 246.47]
247	247.75	0.0079	10	[247.74, 247.74, 247.74, 247.74, 247.75, 247.75, 247.75, 247.75, 247.76, 247.76]
248	248.81	0.0052	10	[248.81, 248.81, 248.81, 248.81, 248.81, 248.81, 248.82, 248.82, 248.82, 248.82]
249	249.92	0.0000	10	[249.92, 249.92, 249.92, 249.92, 249.92, 249.92, 249.92, 249.92, 249.92, 249.92]
250	250.96	0.0057	10	[250.95, 250.95, 250.96, 250.96, 250.96, 250.96, 250.96, 250.96, 250.96, 250.97]
251	251.78	0.0088	10	[251.77, 251.77, 251.77, 251.77, 251.78, 251.78, 251.78, 251.79, 251.79, 251.79]
252	252.90	0.0032	10	[252.89, 252.9, 252.9, 252.9, 252.9, 252.9, 252.9, 252.9, 252.9, 252.9]
253	254.05	0.0048	10	[254.06, 254.06, 254.06, 254.05, 254.05, 254.05, 254.05, 254.05, 254.05, 254.05]
254	255.04	0.0067	10	[255.03, 255.04, 255.04, 255.04, 255.04, 255.04, 255.05, 255.05, 255.05, 255.05]
255	256.17	0.0048	10	[256.17, 256.17, 256.17, 256.17, 256.17, 256.17, 256.17, 256.18, 256.18, 256.18]
256	257.23	0.0042	10	[257.22, 257.23, 257.23, 257.23, 257.23, 257.23, 257.23, 257.23, 257.23, 257.22]
257	258.02	0.0042	10	[258.02, 258.02, 258.02, 258.02, 258.02, 258.02, 258.02, 258.02, 258.03, 258.03]
258	259.13	0.0053	10	[259.13, 259.13, 259.13, 259.13, 259.13, 259.14, 259.14, 259.14, 259.14, 259.14]
259	260.25	0.0884	10	[260.0, 260.29, 260.28, 260.28, 260.28, 260.28, 260.28, 260.28, 260.27, 260.27]
260	261.27	0.0048	10	[261.26, 261.26, 261.26, 261.27, 261.27, 261.27, 261.27, 261.27, 261.27, 261.27]
261	262.36	0.1102	10	[262.27, 262.27, 262.28, 262.28, 262.28, 262.28, 262.49, 262.49, 262.49, 262.49]
262	263.19	0.0053	10	[263.19, 263.19, 263.19, 263.19, 263.19, 263.2, 263.2, 263.2, 263.2, 263.2]
263	264.36	0.1202	10	[264.02, 264.4, 264.4, 264.4, 264.4, 264.4, 264.4, 264.4, 264.4, 264.4]
264	265.43	0.0042	10	[265.42, 265.42, 265.43, 265.43, 265.43, 265.43, 265.43, 265.43, 265.43, 265.43]
265	266.49	0.0000	10	[266.49, 266.49, 266.49, 266.49, 266.49, 266.49, 266.49, 266.49, 266.49, 266.49]
266	267.78	0.1013	10	[267.49, 267.82, 267.82, 267.82, 267.81, 267.81, 267.81, 267.8, 267.8, 267.79]
267	268.72	0.1075	10	[268.41, 268.75, 268.75, 268.75, 268.75, 268.75, 268.75, 268.75, 268.75, 268.75]
268	269.83	0.0000	10	[269.83, 269.83, 269.83, 269.83, 269.83, 269.83, 269.83, 269.83, 269.83, 269.83]
269	271.05	0.0092	10	[271.04, 271.04, 271.04, 271.04, 271.04, 271.05, 271.05, 271.06, 271.06, 271.06]
270	271.66	0.0042	10	[271.65, 271.65, 271.66, 271.66, 271.66, 271.66, 271.66, 271.66, 271.66, 271.66]
271	272.65	0.0908	10	[272.39, 272.67, 272.68, 272.67, 272.67, 272.68, 272.68, 272.68, 272.68, 272.68]
272	273.77	0.1897	10	[273.83, 273.83, 273.83, 273.83, 273.83, 273.83, 273.83, 273.83, 273.83, 273.23]
273	274.61	0.2009	10	[274.28, 274.28, 274.59, 274.59, 274.59, 274.6, 274.8, 274.8, 274.8, 274.8]
274	275.73	0.0074	10	[275.72, 275.72, 275.72, 275.73, 275.73, 275.73, 275.73, 275.73, 275.74, 275.74]
275	276.78	0.0042	10	[276.78, 276.78, 276.78, 276.78, 276.78, 276.78, 276.78, 276.78, 276.79, 276.79]
276	278.24	0.0148	10	[278.22, 278.22, 278.23, 278.23, 278.23, 278.24, 278.24, 278.25, 278.26, 278.26]
277	278.16	0.1223	10	[278.27, 278.27, 278.27, 278.28, 278.27, 278.04, 278.04, 278.04, 278.04, 278.04]
278	278.29	0.2779	10	[278.04, 278.03, 278.03, 278.03, 278.03, 278.34, 278.59, 278.59, 278.59, 278.59]
279	278.59	0.0000	10	[278.59, 278.59, 278.59, 278.59, 278.59, 278.59, 278.59, 278.59, 278.59, 278.59]
280	278.60	0.0000	10	[278.6, 278.6, 278.6, 278.6, 278.6, 278.6, 278.6, 278.6, 278.6, 278.6]
281	278.61	0.0057	10	[278.6, 278.61, 278.61, 278.61, 278.61, 278.61, 278.61, 278.61, 278.62, 278.62]
282	278.46	0.2723	10	[278.62, 278.62, 278.63, 278.63, 278.63, 278.63, 278.63, 278.0, 278.0, 278.24]
283	278.51	0.0904	10	[278.25, 278.53, 278.53, 278.53, 278.53, 278.54, 278.54, 278.54, 278.54, 278.54]
284	278.55	0.0057	10	[278.54, 278.54, 278.55, 278.55, 278.55, 278.55, 278.55, 278.55, 278.55, 278.56]
285	278.57	0.0067	10	[278.56, 278.56, 278.56, 278.56, 278.57, 278.57, 278.57, 278.57, 278.57, 278.58]
286	278.59	0.0048	10	[278.58, 278.58, 278.58, 278.59, 278.59, 278.59, 278.59, 278.59, 278.59, 278.59]
287	278.61	0.0117	10	[278.59, 278.59, 278.6, 278.6, 278.6, 278.61, 278.61, 278.62, 278.62, 278.62]
288	278.43	0.1348	10	[278.62, 278.62, 278.62, 278.35, 278.35, 278.35, 278.34, 278.34, 278.33, 278.33]
289	278.66	0.2969	10	[278.32, 278.32, 278.31, 278.31, 278.89, 278.89, 278.89, 278.89, 278.89, 278.89]
290	278.89	0.0000	10	[278.89, 278.89, 278.89, 278.89, 278.89, 278.89, 278.89, 278.89, 278.89, 278.89]
291	278.89	0.0048	10	[278.89, 278.89, 278.89, 278.89, 278.89, 278.89, 278.89, 278.9, 278.9, 278.9]
292	278.90	0.0048	10	[278.9, 278.9, 278.9, 278.9, 278.9, 278.9, 278.9, 278.91, 278.91, 278.91]
293	278.93	0.0133	10	[278.91, 278.92, 278.92, 278.92, 278.93, 278.93, 278.93, 278.94, 278.95, 278.95]
294	279.07	0.1277	10	[278.96, 278.96, 278.97, 278.98, 278.98, 278.99, 279.22, 279.22, 279.22, 279.22]
295	279.22	0.0052	10	[279.22, 279.22, 279.22, 279.22, 279.22, 279.22, 279.23, 279.23, 279.23, 279.23]
296	279.26	0.0157	10	[279.24, 279.24, 279.24, 279.25, 279.25, 279.26, 279.26, 279.27, 279.28, 279.28]
297	279.49	0.0084	10	[279.48, 279.49, 279.49, 279.49, 279.49, 279.49, 279.5, 279.5, 279.5, 279.51]
298	279.64	0.1257	10	[279.51, 279.52, 279.52, 279.53, 279.54, 279.76, 279.76, 279.76, 279.76, 279.77]
299	279.79	0.0148	10	[279.77, 279.77, 279.78, 279.78, 279.78, 279.79, 279.79, 279.8, 279.81, 279.81]
# Ended on:  2021-07-19 20:27:51.980843
