# Began on:  2021-07-19 18:41:27.524249
0	12.66	0.0070	10	[12.67, 12.66, 12.66, 12.66, 12.66, 12.65, 12.65, 12.65, 12.65, 12.65]
1	12.63	0.0103	10	[12.64, 12.64, 12.64, 12.63, 12.63, 12.63, 12.62, 12.62, 12.62, 12.61]
2	12.59	0.0108	10	[12.61, 12.61, 12.6, 12.6, 12.6, 12.59, 12.59, 12.59, 12.58, 12.58]
3	12.56	0.0048	10	[12.57, 12.57, 12.57, 12.56, 12.56, 12.56, 12.56, 12.56, 12.56, 12.56]
4	12.55	0.0000	10	[12.55, 12.55, 12.55, 12.55, 12.55, 12.55, 12.55, 12.55, 12.55, 12.55]
5	12.55	0.0000	10	[12.55, 12.55, 12.55, 12.55, 12.55, 12.55, 12.55, 12.55, 12.55, 12.55]
6	12.55	0.0053	10	[12.55, 12.55, 12.55, 12.55, 12.55, 12.56, 12.56, 12.56, 12.56, 12.56]
7	12.56	0.0032	10	[12.56, 12.56, 12.56, 12.56, 12.56, 12.56, 12.56, 12.56, 12.56, 12.57]
8	12.58	0.0052	10	[12.57, 12.57, 12.57, 12.57, 12.58, 12.58, 12.58, 12.58, 12.58, 12.58]
9	12.58	0.0000	10	[12.58, 12.58, 12.58, 12.58, 12.58, 12.58, 12.58, 12.58, 12.58, 12.58]
10	12.58	0.0000	10	[12.58, 12.58, 12.58, 12.58, 12.58, 12.58, 12.58, 12.58, 12.58, 12.58]
11	12.58	0.0052	10	[12.58, 12.58, 12.58, 12.58, 12.57, 12.58, 12.58, 12.57, 12.57, 12.57]
12	12.57	0.0048	10	[12.57, 12.57, 12.57, 12.57, 12.57, 12.57, 12.57, 12.56, 12.56, 12.56]
13	12.56	0.0048	10	[12.56, 12.56, 12.56, 12.56, 12.56, 12.57, 12.57, 12.57, 12.56, 12.56]
14	13.91	0.0042	10	[13.91, 13.91, 13.91, 13.91, 13.91, 13.91, 13.91, 13.91, 13.92, 13.92]
15	14.73	0.0000	10	[14.73, 14.73, 14.73, 14.73, 14.73, 14.73, 14.73, 14.73, 14.73, 14.73]
16	15.88	0.0053	10	[15.88, 15.88, 15.88, 15.88, 15.88, 15.87, 15.87, 15.87, 15.87, 15.87]
17	16.79	0.0743	10	[16.58, 16.81, 16.81, 16.81, 16.81, 16.81, 16.82, 16.82, 16.82, 16.82]
18	17.79	0.0052	10	[17.78, 17.78, 17.78, 17.78, 17.79, 17.79, 17.79, 17.79, 17.79, 17.79]
19	18.94	0.0032	10	[18.94, 18.94, 18.94, 18.94, 18.94, 18.94, 18.94, 18.94, 18.95, 18.94]
20	19.89	0.0074	10	[19.88, 19.88, 19.88, 19.89, 19.89, 19.89, 19.89, 19.89, 19.9, 19.9]
21	20.83	0.0000	10	[20.83, 20.83, 20.83, 20.83, 20.83, 20.83, 20.83, 20.83, 20.83, 20.83]
22	21.70	0.1012	10	[21.41, 21.73, 21.73, 21.73, 21.73, 21.73, 21.73, 21.73, 21.73, 21.73]
23	22.98	0.0053	10	[22.97, 22.97, 22.97, 22.97, 22.97, 22.98, 22.98, 22.98, 22.98, 22.98]
24	23.83	0.0000	10	[23.83, 23.83, 23.83, 23.83, 23.83, 23.83, 23.83, 23.83, 23.83, 23.83]
25	24.78	0.0079	10	[24.79, 24.79, 24.79, 24.79, 24.78, 24.78, 24.78, 24.78, 24.77, 24.77]
26	25.77	0.0000	10	[25.77, 25.77, 25.77, 25.77, 25.77, 25.77, 25.77, 25.77, 25.77, 25.77]
27	26.77	0.0000	10	[26.77, 26.77, 26.77, 26.77, 26.77, 26.77, 26.77, 26.77, 26.77, 26.77]
28	27.79	0.0052	10	[27.78, 27.78, 27.78, 27.78, 27.79, 27.79, 27.79, 27.79, 27.79, 27.79]
29	28.55	0.0158	10	[28.53, 28.54, 28.54, 28.55, 28.55, 28.56, 28.56, 28.57, 28.57, 28.58]
30	29.66	0.1894	10	[29.22, 29.54, 29.79, 29.79, 29.79, 29.79, 29.79, 29.78, 29.57, 29.57]
31	31.00	0.0079	10	[31.01, 31.01, 31.01, 31.01, 31.0, 31.0, 31.0, 31.0, 30.99, 30.99]
32	32.00	0.1569	10	[31.67, 31.96, 31.96, 31.96, 31.96, 31.97, 31.97, 32.18, 32.19, 32.19]
33	33.22	0.0079	10	[33.21, 33.21, 33.22, 33.22, 33.22, 33.22, 33.23, 33.23, 33.23, 33.23]
34	33.48	0.1644	10	[33.89, 33.67, 33.41, 33.41, 33.41, 33.41, 33.41, 33.41, 33.41, 33.41]
35	34.55	0.0000	10	[34.55, 34.55, 34.55, 34.55, 34.55, 34.55, 34.55, 34.55, 34.55, 34.55]
36	35.49	0.0079	10	[35.48, 35.48, 35.48, 35.48, 35.49, 35.49, 35.49, 35.49, 35.5, 35.5]
37	36.68	0.0000	10	[36.68, 36.68, 36.68, 36.68, 36.68, 36.68, 36.68, 36.68, 36.68, 36.68]
38	37.94	0.3119	10	[37.34, 37.68, 37.68, 37.68, 38.17, 38.17, 38.17, 38.17, 38.17, 38.16]
39	38.74	0.0000	10	[38.74, 38.74, 38.74, 38.74, 38.74, 38.74, 38.74, 38.74, 38.74, 38.74]
40	39.83	0.0000	10	[39.83, 39.83, 39.83, 39.83, 39.83, 39.83, 39.83, 39.83, 39.83, 39.83]
41	40.87	0.0000	10	[40.87, 40.87, 40.87, 40.87, 40.87, 40.87, 40.87, 40.87, 40.87, 40.87]
42	41.72	0.0000	10	[41.72, 41.72, 41.72, 41.72, 41.72, 41.72, 41.72, 41.72, 41.72, 41.72]
43	42.70	0.0000	10	[42.7, 42.7, 42.7, 42.7, 42.7, 42.7, 42.7, 42.7, 42.7, 42.7]
44	44.05	0.0696	10	[43.85, 44.07, 44.07, 44.07, 44.07, 44.07, 44.07, 44.07, 44.07, 44.07]
45	44.79	0.0052	10	[44.79, 44.79, 44.79, 44.79, 44.79, 44.79, 44.8, 44.8, 44.8, 44.8]
46	46.23	0.1334	10	[46.13, 46.13, 46.13, 46.13, 46.13, 46.14, 46.39, 46.39, 46.39, 46.39]
47	46.64	0.2154	10	[46.39, 46.77, 46.77, 46.77, 46.77, 46.77, 46.78, 46.78, 46.3, 46.3]
48	47.84	0.0000	10	[47.84, 47.84, 47.84, 47.84, 47.84, 47.84, 47.84, 47.84, 47.84, 47.84]
49	48.88	0.0132	10	[48.86, 48.87, 48.87, 48.88, 48.88, 48.88, 48.89, 48.89, 48.9, 48.9]
50	49.78	0.0032	10	[49.78, 49.78, 49.78, 49.78, 49.78, 49.78, 49.78, 49.78, 49.78, 49.79]
51	50.46	0.0183	10	[50.43, 50.44, 50.45, 50.45, 50.46, 50.46, 50.47, 50.47, 50.48, 50.49]
52	51.96	0.1824	10	[51.79, 51.79, 51.78, 51.78, 51.78, 52.13, 52.13, 52.13, 52.13, 52.13]
53	52.87	0.0082	10	[52.88, 52.88, 52.88, 52.88, 52.88, 52.87, 52.87, 52.87, 52.86, 52.86]
54	53.90	0.0048	10	[53.9, 53.9, 53.9, 53.9, 53.9, 53.9, 53.91, 53.9, 53.91, 53.91]
55	54.89	0.0067	10	[54.88, 54.88, 54.88, 54.88, 54.89, 54.89, 54.89, 54.89, 54.89, 54.9]
56	55.85	0.0000	10	[55.85, 55.85, 55.85, 55.85, 55.85, 55.85, 55.85, 55.85, 55.85, 55.85]
57	56.78	0.0088	10	[56.77, 56.77, 56.77, 56.77, 56.78, 56.78, 56.78, 56.79, 56.79, 56.79]
58	57.78	0.0000	10	[57.78, 57.78, 57.78, 57.78, 57.78, 57.78, 57.78, 57.78, 57.78, 57.78]
59	58.74	0.0052	10	[58.74, 58.74, 58.74, 58.74, 58.74, 58.74, 58.75, 58.75, 58.75, 58.75]
60	60.02	0.0175	10	[60.0, 60.0, 60.01, 60.01, 60.02, 60.02, 60.03, 60.04, 60.04, 60.05]
61	60.97	0.1461	10	[60.81, 61.18, 61.18, 61.17, 60.89, 60.89, 60.89, 60.89, 60.89, 60.89]
62	61.71	0.0047	10	[61.7, 61.71, 61.71, 61.71, 61.71, 61.71, 61.71, 61.71, 61.71, 61.72]
63	63.32	0.0042	10	[63.31, 63.31, 63.32, 63.32, 63.32, 63.32, 63.32, 63.32, 63.32, 63.32]
64	63.70	0.0070	10	[63.71, 63.71, 63.71, 63.71, 63.71, 63.7, 63.7, 63.7, 63.7, 63.69]
65	64.75	0.0000	10	[64.75, 64.75, 64.75, 64.75, 64.75, 64.75, 64.75, 64.75, 64.75, 64.75]
66	65.90	0.0000	10	[65.9, 65.9, 65.9, 65.9, 65.9, 65.9, 65.9, 65.9, 65.9, 65.9]
67	66.76	0.1497	10	[66.69, 66.69, 66.69, 66.69, 66.69, 66.69, 66.69, 66.69, 67.05, 67.04]
68	67.56	0.0052	10	[67.56, 67.56, 67.56, 67.56, 67.56, 67.56, 67.55, 67.55, 67.55, 67.55]
69	68.69	0.0000	10	[68.69, 68.69, 68.69, 68.69, 68.69, 68.69, 68.69, 68.69, 68.69, 68.69]
70	69.66	0.0048	10	[69.66, 69.66, 69.66, 69.66, 69.66, 69.66, 69.66, 69.67, 69.67, 69.67]
71	70.84	0.0000	10	[70.84, 70.84, 70.84, 70.84, 70.84, 70.84, 70.84, 70.84, 70.84, 70.84]
72	71.84	0.0053	10	[71.84, 71.84, 71.84, 71.84, 71.84, 71.85, 71.85, 71.85, 71.85, 71.85]
73	72.79	0.0032	10	[72.79, 72.79, 72.79, 72.79, 72.79, 72.79, 72.79, 72.79, 72.79, 72.8]
74	73.69	0.0103	10	[73.68, 73.68, 73.68, 73.69, 73.69, 73.69, 73.7, 73.7, 73.7, 73.71]
75	74.69	0.0000	10	[74.69, 74.69, 74.69, 74.69, 74.69, 74.69, 74.69, 74.69, 74.69, 74.69]
76	75.77	0.1180	10	[75.68, 75.68, 75.68, 75.68, 75.68, 75.69, 75.91, 75.91, 75.91, 75.91]
77	76.66	0.1455	10	[76.77, 76.77, 76.77, 76.77, 76.77, 76.78, 76.49, 76.49, 76.49, 76.49]
78	77.66	0.0158	10	[77.63, 77.64, 77.64, 77.65, 77.65, 77.66, 77.66, 77.67, 77.67, 77.68]
79	78.61	0.0000	10	[78.61, 78.61, 78.61, 78.61, 78.61, 78.61, 78.61, 78.61, 78.61, 78.61]
80	79.12	0.0097	10	[79.11, 79.11, 79.12, 79.12, 79.12, 79.13, 79.13, 79.13, 79.13, 79.14]
81	80.80	0.1807	10	[80.66, 80.66, 80.66, 80.66, 80.66, 80.66, 81.01, 81.01, 81.01, 81.01]
82	81.77	0.0053	10	[81.76, 81.76, 81.77, 81.77, 81.77, 81.77, 81.77, 81.76, 81.76, 81.76]
83	82.71	0.0685	10	[82.68, 82.68, 82.68, 82.68, 82.68, 82.68, 82.69, 82.69, 82.7, 82.9]
84	84.06	0.1255	10	[84.11, 84.11, 84.12, 84.12, 84.12, 84.12, 84.12, 84.12, 83.82, 83.82]
85	84.62	0.0158	10	[84.6, 84.61, 84.61, 84.62, 84.62, 84.63, 84.63, 84.64, 84.64, 84.65]
86	85.69	0.0000	10	[85.69, 85.69, 85.69, 85.69, 85.69, 85.69, 85.69, 85.69, 85.69, 85.69]
87	86.62	0.0661	10	[86.43, 86.64, 86.63, 86.64, 86.64, 86.64, 86.64, 86.64, 86.64, 86.64]
88	87.87	0.1236	10	[87.64, 87.64, 87.94, 87.94, 87.94, 87.94, 87.93, 87.93, 87.92, 87.92]
89	88.87	0.0000	10	[88.87, 88.87, 88.87, 88.87, 88.87, 88.87, 88.87, 88.87, 88.87, 88.87]
90	89.62	0.0079	10	[89.61, 89.61, 89.61, 89.61, 89.62, 89.62, 89.62, 89.62, 89.63, 89.63]
91	90.97	0.0053	10	[90.96, 90.96, 90.96, 90.96, 90.96, 90.97, 90.97, 90.97, 90.97, 90.97]
92	91.86	0.1213	10	[92.1, 92.09, 91.81, 91.81, 91.81, 91.81, 91.81, 91.81, 91.8, 91.8]
93	92.55	0.0052	10	[92.54, 92.54, 92.54, 92.54, 92.55, 92.55, 92.55, 92.55, 92.55, 92.55]
94	93.70	0.1107	10	[93.38, 93.73, 93.73, 93.73, 93.73, 93.73, 93.73, 93.73, 93.73, 93.73]
95	94.87	0.1434	10	[94.74, 94.74, 94.73, 94.73, 94.74, 95.01, 95.01, 95.01, 95.01, 95.0]
96	95.70	0.0082	10	[95.71, 95.71, 95.71, 95.7, 95.7, 95.7, 95.7, 95.69, 95.69, 95.69]
97	96.44	0.0000	10	[96.44, 96.44, 96.44, 96.44, 96.44, 96.44, 96.44, 96.44, 96.44, 96.44]
98	97.77	0.0052	10	[97.76, 97.76, 97.76, 97.76, 97.77, 97.77, 97.77, 97.77, 97.77, 97.77]
99	98.87	0.0070	10	[98.87, 98.87, 98.87, 98.87, 98.87, 98.87, 98.87, 98.88, 98.88, 98.89]
100	99.95	0.0079	10	[99.94, 99.94, 99.95, 99.95, 99.95, 99.95, 99.96, 99.96, 99.96, 99.96]
101	100.73	0.0949	10	[101.0, 100.7, 100.7, 100.7, 100.7, 100.7, 100.7, 100.7, 100.7, 100.7]
102	101.84	0.0048	10	[101.84, 101.84, 101.84, 101.84, 101.84, 101.84, 101.84, 101.85, 101.85, 101.85]
103	102.54	0.0991	10	[102.35, 102.36, 102.59, 102.59, 102.59, 102.59, 102.59, 102.59, 102.59, 102.59]
104	103.84	0.0000	10	[103.84, 103.84, 103.84, 103.84, 103.84, 103.84, 103.84, 103.84, 103.84, 103.84]
105	104.70	0.0074	10	[104.69, 104.69, 104.69, 104.7, 104.7, 104.7, 104.7, 104.7, 104.71, 104.71]
106	105.68	0.0000	10	[105.68, 105.68, 105.68, 105.68, 105.68, 105.68, 105.68, 105.68, 105.68, 105.68]
107	106.69	0.0067	10	[106.68, 106.68, 106.69, 106.69, 106.69, 106.69, 106.69, 106.69, 106.7, 106.7]
108	107.57	0.0042	10	[107.56, 107.56, 107.57, 107.57, 107.57, 107.57, 107.57, 107.57, 107.57, 107.57]
109	108.63	0.0048	10	[108.63, 108.63, 108.63, 108.63, 108.63, 108.63, 108.63, 108.64, 108.64, 108.64]
110	109.72	0.0052	10	[109.71, 109.71, 109.71, 109.71, 109.72, 109.72, 109.72, 109.72, 109.72, 109.72]
111	110.80	0.0822	10	[110.57, 110.83, 110.83, 110.83, 110.83, 110.83, 110.83, 110.83, 110.83, 110.83]
112	111.56	0.0052	10	[111.55, 111.55, 111.55, 111.55, 111.56, 111.56, 111.56, 111.56, 111.56, 111.56]
113	113.16	0.1572	10	[112.8, 113.26, 113.26, 113.26, 113.25, 113.25, 113.24, 113.24, 113.03, 113.03]
114	113.44	0.0042	10	[113.44, 113.44, 113.44, 113.44, 113.44, 113.44, 113.44, 113.44, 113.45, 113.45]
115	114.52	0.0070	10	[114.51, 114.51, 114.51, 114.51, 114.51, 114.52, 114.52, 114.52, 114.52, 114.53]
116	115.44	0.0032	10	[115.44, 115.44, 115.44, 115.44, 115.44, 115.44, 115.44, 115.44, 115.44, 115.45]
117	116.53	0.0808	10	[116.3, 116.55, 116.55, 116.55, 116.55, 116.55, 116.55, 116.56, 116.56, 116.57]
118	117.76	0.0067	10	[117.75, 117.75, 117.75, 117.76, 117.76, 117.76, 117.77, 117.76, 117.76, 117.75]
119	118.64	0.1075	10	[118.33, 118.67, 118.67, 118.67, 118.67, 118.67, 118.67, 118.67, 118.67, 118.67]
120	119.44	0.0000	10	[119.44, 119.44, 119.44, 119.44, 119.44, 119.44, 119.44, 119.44, 119.44, 119.44]
121	120.56	0.0052	10	[120.55, 120.55, 120.55, 120.55, 120.56, 120.56, 120.56, 120.56, 120.56, 120.56]
122	121.73	0.1107	10	[121.6, 121.6, 121.6, 121.61, 121.82, 121.82, 121.82, 121.82, 121.81, 121.81]
123	122.59	0.0000	10	[122.59, 122.59, 122.59, 122.59, 122.59, 122.59, 122.59, 122.59, 122.59, 122.59]
124	123.87	0.0048	10	[123.87, 123.87, 123.87, 123.87, 123.87, 123.87, 123.87, 123.88, 123.88, 123.88]
125	124.78	0.0042	10	[124.78, 124.78, 124.78, 124.78, 124.78, 124.78, 124.78, 124.78, 124.79, 124.79]
126	125.78	0.0133	10	[125.76, 125.77, 125.77, 125.77, 125.78, 125.78, 125.78, 125.79, 125.8, 125.8]
127	126.72	0.0070	10	[126.73, 126.73, 126.73, 126.73, 126.73, 126.72, 126.72, 126.72, 126.72, 126.71]
128	127.61	0.0042	10	[127.61, 127.61, 127.61, 127.61, 127.61, 127.61, 127.61, 127.61, 127.62, 127.62]
129	128.69	0.1107	10	[128.37, 128.72, 128.72, 128.72, 128.72, 128.72, 128.72, 128.72, 128.72, 128.72]
130	129.74	0.0000	10	[129.74, 129.74, 129.74, 129.74, 129.74, 129.74, 129.74, 129.74, 129.74, 129.74]
131	130.79	0.1265	10	[130.43, 130.83, 130.83, 130.83, 130.83, 130.83, 130.83, 130.83, 130.83, 130.83]
132	131.84	0.0048	10	[131.84, 131.84, 131.84, 131.84, 131.84, 131.84, 131.84, 131.83, 131.83, 131.83]
133	132.44	0.0727	10	[132.23, 132.46, 132.46, 132.46, 132.46, 132.46, 132.46, 132.46, 132.46, 132.46]
134	133.95	0.1374	10	[133.69, 133.69, 134.03, 134.02, 134.02, 134.02, 134.02, 134.01, 134.0, 134.0]
135	134.71	0.0070	10	[134.7, 134.7, 134.7, 134.7, 134.7, 134.71, 134.71, 134.71, 134.71, 134.72]
136	135.79	0.0123	10	[135.78, 135.78, 135.78, 135.78, 135.79, 135.79, 135.8, 135.8, 135.81, 135.81]
137	136.92	0.1392	10	[137.05, 137.05, 137.05, 137.06, 137.06, 136.79, 136.79, 136.79, 136.79, 136.79]
138	137.56	0.0000	10	[137.56, 137.56, 137.56, 137.56, 137.56, 137.56, 137.56, 137.56, 137.56, 137.56]
139	138.33	0.0052	10	[138.33, 138.33, 138.33, 138.33, 138.33, 138.33, 138.34, 138.34, 138.34, 138.34]
140	139.52	0.0000	10	[139.52, 139.52, 139.52, 139.52, 139.52, 139.52, 139.52, 139.52, 139.52, 139.52]
141	140.68	0.0120	10	[140.66, 140.66, 140.67, 140.68, 140.68, 140.68, 140.69, 140.69, 140.69, 140.69]
142	141.79	0.0048	10	[141.79, 141.79, 141.79, 141.79, 141.79, 141.79, 141.79, 141.78, 141.78, 141.78]
143	142.73	0.0067	10	[142.72, 142.72, 142.72, 142.72, 142.73, 142.73, 142.73, 142.73, 142.73, 142.74]
144	143.72	0.0053	10	[143.72, 143.72, 143.72, 143.72, 143.72, 143.73, 143.73, 143.73, 143.73, 143.73]
145	144.77	0.0032	10	[144.76, 144.77, 144.77, 144.77, 144.77, 144.77, 144.77, 144.77, 144.77, 144.77]
146	145.49	0.0000	10	[145.49, 145.49, 145.49, 145.49, 145.49, 145.49, 145.49, 145.49, 145.49, 145.49]
147	146.33	0.1130	10	[146.21, 146.22, 146.22, 146.23, 146.23, 146.44, 146.44, 146.44, 146.43, 146.43]
148	147.68	0.0082	10	[147.69, 147.69, 147.69, 147.69, 147.69, 147.68, 147.68, 147.68, 147.67, 147.67]
149	148.31	0.0854	10	[148.07, 148.34, 148.34, 148.34, 148.34, 148.34, 148.34, 148.34, 148.34, 148.34]
150	149.53	0.0042	10	[149.52, 149.52, 149.53, 149.53, 149.53, 149.53, 149.53, 149.53, 149.53, 149.53]
151	150.47	0.0063	10	[150.46, 150.47, 150.47, 150.47, 150.47, 150.47, 150.47, 150.48, 150.48, 150.48]
152	151.80	0.1171	10	[151.66, 151.66, 151.66, 151.66, 151.89, 151.89, 151.89, 151.89, 151.88, 151.88]
153	152.69	0.0052	10	[152.7, 152.7, 152.7, 152.7, 152.69, 152.69, 152.69, 152.69, 152.69, 152.69]
154	153.59	0.0042	10	[153.59, 153.59, 153.59, 153.59, 153.59, 153.59, 153.59, 153.59, 153.6, 153.6]
155	154.53	0.0052	10	[154.53, 154.53, 154.53, 154.53, 154.53, 154.53, 154.54, 154.54, 154.54, 154.54]
156	155.47	0.0053	10	[155.47, 155.47, 155.47, 155.47, 155.47, 155.48, 155.48, 155.48, 155.48, 155.48]
157	156.47	0.0157	10	[156.45, 156.45, 156.45, 156.46, 156.46, 156.47, 156.47, 156.48, 156.49, 156.49]
158	157.47	0.0042	10	[157.46, 157.47, 157.47, 157.47, 157.47, 157.47, 157.47, 157.47, 157.47, 157.46]
159	158.34	0.0158	10	[158.32, 158.33, 158.33, 158.34, 158.34, 158.35, 158.35, 158.36, 158.36, 158.37]
160	159.52	0.0052	10	[159.52, 159.52, 159.52, 159.52, 159.52, 159.52, 159.53, 159.53, 159.53, 159.53]
161	160.61	0.0996	10	[160.33, 160.64, 160.64, 160.64, 160.64, 160.64, 160.65, 160.65, 160.65, 160.65]
162	161.44	0.0052	10	[161.45, 161.45, 161.45, 161.45, 161.44, 161.44, 161.44, 161.44, 161.44, 161.44]
163	162.82	0.0042	10	[162.81, 162.81, 162.82, 162.82, 162.82, 162.82, 162.82, 162.82, 162.82, 162.82]
164	163.65	0.0042	10	[163.65, 163.66, 163.66, 163.65, 163.65, 163.65, 163.65, 163.65, 163.65, 163.65]
165	164.55	0.0053	10	[164.54, 164.54, 164.54, 164.54, 164.54, 164.55, 164.55, 164.55, 164.55, 164.55]
166	165.50	0.0042	10	[165.5, 165.5, 165.5, 165.5, 165.5, 165.5, 165.5, 165.5, 165.51, 165.51]
167	166.49	0.0052	10	[166.49, 166.49, 166.49, 166.49, 166.49, 166.49, 166.5, 166.5, 166.5, 166.5]
168	167.57	0.0117	10	[167.55, 167.55, 167.56, 167.56, 167.56, 167.57, 167.57, 167.58, 167.58, 167.58]
169	168.56	0.0108	10	[168.55, 168.55, 168.56, 168.56, 168.56, 168.57, 168.57, 168.57, 168.58, 168.58]
170	169.80	0.0000	10	[169.8, 169.8, 169.8, 169.8, 169.8, 169.8, 169.8, 169.8, 169.8, 169.8]
171	170.61	0.0052	10	[170.61, 170.61, 170.61, 170.61, 170.61, 170.61, 170.62, 170.62, 170.62, 170.62]
172	171.43	0.0048	10	[171.42, 171.42, 171.42, 171.43, 171.43, 171.43, 171.43, 171.43, 171.43, 171.43]
173	172.58	0.0000	10	[172.58, 172.58, 172.58, 172.58, 172.58, 172.58, 172.58, 172.58, 172.58, 172.58]
174	173.55	0.0048	10	[173.54, 173.54, 173.54, 173.55, 173.55, 173.55, 173.55, 173.55, 173.55, 173.55]
175	174.70	0.0057	10	[174.69, 174.69, 174.7, 174.7, 174.7, 174.7, 174.7, 174.7, 174.7, 174.71]
176	175.43	0.0000	10	[175.43, 175.43, 175.43, 175.43, 175.43, 175.43, 175.43, 175.43, 175.43, 175.43]
177	176.28	0.0125	10	[176.26, 176.27, 176.27, 176.27, 176.28, 176.28, 176.29, 176.29, 176.29, 176.3]
178	177.38	0.0057	10	[177.37, 177.37, 177.38, 177.38, 177.38, 177.38, 177.38, 177.38, 177.38, 177.39]
179	178.37	0.0177	10	[178.35, 178.35, 178.36, 178.36, 178.37, 178.38, 178.38, 178.39, 178.39, 178.4]
180	179.13	0.0000	10	[179.13, 179.13, 179.13, 179.13, 179.13, 179.13, 179.13, 179.13, 179.13, 179.13]
181	180.38	0.0053	10	[180.38, 180.38, 180.38, 180.38, 180.38, 180.39, 180.39, 180.39, 180.39, 180.39]
182	181.54	0.0000	10	[181.54, 181.54, 181.54, 181.54, 181.54, 181.54, 181.54, 181.54, 181.54, 181.54]
183	182.57	0.0108	10	[182.56, 182.56, 182.57, 182.57, 182.57, 182.58, 182.58, 182.58, 182.59, 182.59]
184	183.41	0.0032	10	[183.41, 183.41, 183.41, 183.41, 183.41, 183.41, 183.41, 183.41, 183.41, 183.4]
185	184.41	0.0134	10	[184.39, 184.4, 184.4, 184.41, 184.41, 184.42, 184.42, 184.42, 184.43, 184.43]
186	185.52	0.0042	10	[185.52, 185.52, 185.52, 185.52, 185.52, 185.52, 185.52, 185.52, 185.53, 185.53]
187	186.45	0.0000	10	[186.45, 186.45, 186.45, 186.45, 186.45, 186.45, 186.45, 186.45, 186.45, 186.45]
188	187.39	0.0822	10	[187.16, 187.42, 187.42, 187.42, 187.42, 187.42, 187.42, 187.42, 187.42, 187.42]
189	188.33	0.0048	10	[188.33, 188.33, 188.33, 188.33, 188.33, 188.33, 188.33, 188.34, 188.34, 188.34]
190	189.61	0.0052	10	[189.61, 189.61, 189.61, 189.61, 189.61, 189.61, 189.62, 189.62, 189.62, 189.62]
191	190.44	0.0134	10	[190.42, 190.42, 190.43, 190.43, 190.43, 190.44, 190.44, 190.45, 190.45, 190.46]
192	191.56	0.0042	10	[191.55, 191.55, 191.56, 191.56, 191.56, 191.56, 191.56, 191.56, 191.56, 191.56]
193	192.39	0.0057	10	[192.38, 192.39, 192.39, 192.39, 192.39, 192.39, 192.39, 192.39, 192.4, 192.4]
194	193.49	0.0048	10	[193.49, 193.49, 193.49, 193.49, 193.49, 193.49, 193.49, 193.5, 193.5, 193.5]
195	194.53	0.0067	10	[194.52, 194.53, 194.53, 194.53, 194.53, 194.53, 194.54, 194.54, 194.54, 194.54]
196	196.03	0.1075	10	[195.72, 196.06, 196.06, 196.06, 196.06, 196.06, 196.06, 196.06, 196.06, 196.06]
197	196.69	0.0032	10	[196.68, 196.69, 196.69, 196.69, 196.69, 196.69, 196.69, 196.69, 196.69, 196.69]
198	197.71	0.0000	10	[197.71, 197.71, 197.71, 197.71, 197.71, 197.71, 197.71, 197.71, 197.71, 197.71]
199	198.50	0.0158	10	[198.48, 198.49, 198.49, 198.5, 198.5, 198.51, 198.51, 198.52, 198.52, 198.53]
200	199.57	0.0052	10	[199.57, 199.57, 199.57, 199.57, 199.57, 199.57, 199.58, 199.58, 199.58, 199.58]
201	200.49	0.0053	10	[200.48, 200.48, 200.48, 200.48, 200.48, 200.49, 200.49, 200.49, 200.49, 200.49]
202	201.49	0.0042	10	[201.48, 201.48, 201.49, 201.49, 201.49, 201.49, 201.49, 201.49, 201.49, 201.49]
203	202.66	0.0052	10	[202.66, 202.66, 202.66, 202.66, 202.66, 202.66, 202.67, 202.67, 202.67, 202.67]
204	203.43	0.0032	10	[203.43, 203.43, 203.43, 203.43, 203.43, 203.43, 203.43, 203.43, 203.43, 203.44]
205	204.19	0.0053	10	[204.18, 204.18, 204.18, 204.18, 204.18, 204.19, 204.19, 204.19, 204.19, 204.19]
206	205.62	0.0042	10	[205.61, 205.61, 205.62, 205.62, 205.62, 205.62, 205.62, 205.62, 205.62, 205.62]
207	206.39	0.0052	10	[206.39, 206.39, 206.39, 206.39, 206.39, 206.39, 206.4, 206.4, 206.4, 206.4]
208	207.44	0.0149	10	[207.42, 207.42, 207.43, 207.43, 207.44, 207.44, 207.45, 207.45, 207.46, 207.46]
209	208.56	0.0048	10	[208.56, 208.56, 208.56, 208.56, 208.56, 208.56, 208.56, 208.57, 208.57, 208.57]
210	209.49	0.0048	10	[209.49, 209.49, 209.49, 209.49, 209.49, 209.49, 209.49, 209.5, 209.5, 209.5]
211	210.42	0.0791	10	[210.2, 210.45, 210.45, 210.45, 210.45, 210.45, 210.45, 210.45, 210.45, 210.45]
212	211.58	0.0048	10	[211.58, 211.58, 211.58, 211.58, 211.58, 211.58, 211.58, 211.59, 211.59, 211.59]
213	212.33	0.0042	10	[212.33, 212.33, 212.33, 212.33, 212.33, 212.33, 212.33, 212.33, 212.34, 212.34]
214	213.44	0.0053	10	[213.44, 213.44, 213.44, 213.44, 213.44, 213.45, 213.45, 213.45, 213.45, 213.45]
215	214.60	0.0000	10	[214.6, 214.6, 214.6, 214.6, 214.6, 214.6, 214.6, 214.6, 214.6, 214.6]
216	215.40	0.1012	10	[215.11, 215.43, 215.43, 215.43, 215.43, 215.43, 215.43, 215.43, 215.43, 215.43]
217	216.49	0.0000	10	[216.49, 216.49, 216.49, 216.49, 216.49, 216.49, 216.49, 216.49, 216.49, 216.49]
218	217.52	0.0048	10	[217.52, 217.52, 217.52, 217.52, 217.52, 217.52, 217.52, 217.53, 217.53, 217.53]
219	218.32	0.0000	10	[218.32, 218.32, 218.32, 218.32, 218.32, 218.32, 218.32, 218.32, 218.32, 218.32]
220	219.47	0.0032	10	[219.47, 219.47, 219.48, 219.47, 219.47, 219.47, 219.47, 219.47, 219.47, 219.47]
221	220.39	0.0120	10	[220.37, 220.38, 220.38, 220.39, 220.39, 220.39, 220.4, 220.4, 220.4, 220.41]
222	221.38	0.0052	10	[221.37, 221.37, 221.37, 221.37, 221.38, 221.38, 221.38, 221.38, 221.38, 221.38]
223	222.36	0.0048	10	[222.36, 222.36, 222.36, 222.36, 222.36, 222.36, 222.37, 222.36, 222.37, 222.37]
224	223.29	0.0727	10	[223.08, 223.31, 223.31, 223.31, 223.31, 223.31, 223.31, 223.31, 223.31, 223.31]
225	224.53	0.0048	10	[224.53, 224.53, 224.53, 224.53, 224.53, 224.53, 224.53, 224.54, 224.54, 224.54]
226	225.44	0.1170	10	[225.11, 225.48, 225.48, 225.48, 225.48, 225.48, 225.48, 225.48, 225.48, 225.48]
227	226.46	0.0042	10	[226.46, 226.46, 226.46, 226.46, 226.46, 226.46, 226.46, 226.46, 226.47, 226.47]
228	227.59	0.0042	10	[227.59, 227.59, 227.59, 227.59, 227.58, 227.59, 227.58, 227.59, 227.59, 227.59]
229	227.99	0.0052	10	[227.98, 227.98, 227.98, 227.98, 227.99, 227.99, 227.99, 227.99, 227.99, 227.99]
230	229.30	0.0000	10	[229.3, 229.3, 229.3, 229.3, 229.3, 229.3, 229.3, 229.3, 229.3, 229.3]
231	230.35	0.1044	10	[230.05, 230.38, 230.38, 230.38, 230.38, 230.38, 230.38, 230.38, 230.38, 230.38]
232	231.42	0.0048	10	[231.41, 231.41, 231.41, 231.42, 231.42, 231.42, 231.42, 231.42, 231.42, 231.42]
233	232.22	0.0791	10	[232.0, 232.25, 232.25, 232.25, 232.25, 232.25, 232.25, 232.25, 232.25, 232.25]
234	233.39	0.0048	10	[233.4, 233.4, 233.4, 233.39, 233.39, 233.39, 233.39, 233.39, 233.39, 233.39]
235	234.37	0.0000	10	[234.37, 234.37, 234.37, 234.37, 234.37, 234.37, 234.37, 234.37, 234.37, 234.37]
236	235.27	0.0042	10	[235.26, 235.26, 235.27, 235.27, 235.27, 235.27, 235.27, 235.27, 235.27, 235.27]
237	236.52	0.0052	10	[236.52, 236.52, 236.52, 236.52, 236.52, 236.52, 236.53, 236.53, 236.53, 236.53]
238	237.44	0.0791	10	[237.22, 237.47, 237.47, 237.47, 237.47, 237.47, 237.47, 237.47, 237.47, 237.47]
239	238.39	0.0000	10	[238.39, 238.39, 238.39, 238.39, 238.39, 238.39, 238.39, 238.39, 238.39, 238.39]
240	239.28	0.0759	10	[239.06, 239.3, 239.3, 239.3, 239.3, 239.3, 239.3, 239.3, 239.3, 239.3]
241	240.30	0.0000	10	[240.3, 240.3, 240.3, 240.3, 240.3, 240.3, 240.3, 240.3, 240.3, 240.3]
242	241.41	0.0000	10	[241.41, 241.41, 241.41, 241.41, 241.41, 241.41, 241.41, 241.41, 241.41, 241.41]
243	242.15	0.0070	10	[242.14, 242.14, 242.14, 242.14, 242.14, 242.15, 242.15, 242.15, 242.15, 242.16]
244	243.08	0.0149	10	[243.06, 243.06, 243.07, 243.07, 243.08, 243.08, 243.09, 243.09, 243.1, 243.1]
245	243.86	0.1044	10	[243.56, 243.89, 243.89, 243.89, 243.89, 243.89, 243.89, 243.89, 243.89, 243.89]
246	245.36	0.0048	10	[245.35, 245.35, 245.35, 245.36, 245.36, 245.36, 245.36, 245.36, 245.36, 245.36]
247	246.07	0.0000	10	[246.07, 246.07, 246.07, 246.07, 246.07, 246.07, 246.07, 246.07, 246.07, 246.07]
248	247.36	0.0865	10	[247.19, 247.2, 247.4, 247.4, 247.4, 247.4, 247.4, 247.4, 247.4, 247.4]
249	248.43	0.0000	10	[248.43, 248.43, 248.43, 248.43, 248.43, 248.43, 248.43, 248.43, 248.43, 248.43]
250	249.25	0.0721	10	[249.05, 249.27, 249.27, 249.28, 249.28, 249.28, 249.28, 249.28, 249.28, 249.28]
251	250.28	0.0053	10	[250.27, 250.27, 250.27, 250.27, 250.27, 250.28, 250.28, 250.28, 250.28, 250.28]
252	251.39	0.1230	10	[251.04, 251.43, 251.43, 251.43, 251.43, 251.43, 251.43, 251.43, 251.43, 251.42]
253	252.43	0.0032	10	[252.43, 252.43, 252.43, 252.43, 252.43, 252.43, 252.43, 252.43, 252.43, 252.44]
254	253.32	0.0000	10	[253.32, 253.32, 253.32, 253.32, 253.32, 253.32, 253.32, 253.32, 253.32, 253.32]
255	254.25	0.0052	10	[254.24, 254.24, 254.24, 254.24, 254.25, 254.25, 254.25, 254.25, 254.25, 254.25]
256	255.15	0.0063	10	[255.14, 255.15, 255.15, 255.15, 255.15, 255.16, 255.15, 255.15, 255.14, 255.14]
257	256.26	0.0149	10	[256.24, 256.24, 256.25, 256.25, 256.26, 256.26, 256.27, 256.27, 256.28, 256.28]
258	257.25	0.0052	10	[257.24, 257.24, 257.24, 257.24, 257.25, 257.25, 257.25, 257.25, 257.25, 257.25]
259	258.14	0.0184	10	[258.12, 258.12, 258.13, 258.14, 258.14, 258.15, 258.15, 258.16, 258.17, 258.17]
260	259.33	0.0082	10	[259.32, 259.32, 259.32, 259.33, 259.33, 259.33, 259.33, 259.34, 259.34, 259.34]
261	260.04	0.0074	10	[260.04, 260.05, 260.05, 260.05, 260.04, 260.04, 260.04, 260.04, 260.03, 260.03]
262	261.07	0.1297	10	[260.99, 261.0, 261.01, 261.01, 261.02, 261.02, 261.03, 261.03, 261.32, 261.32]
263	262.25	0.0000	10	[262.25, 262.25, 262.25, 262.25, 262.25, 262.25, 262.25, 262.25, 262.25, 262.25]
264	263.25	0.0000	10	[263.25, 263.25, 263.25, 263.25, 263.25, 263.25, 263.25, 263.25, 263.25, 263.25]
265	264.27	0.0000	10	[264.27, 264.27, 264.27, 264.27, 264.27, 264.27, 264.27, 264.27, 264.27, 264.27]
266	265.24	0.0052	10	[265.24, 265.24, 265.24, 265.24, 265.24, 265.24, 265.25, 265.25, 265.25, 265.25]
267	266.33	0.0079	10	[266.32, 266.32, 266.33, 266.33, 266.33, 266.33, 266.34, 266.34, 266.34, 266.34]
268	267.38	0.0876	10	[267.13, 267.41, 267.41, 267.41, 267.41, 267.41, 267.41, 267.4, 267.4, 267.4]
269	268.40	0.0000	10	[268.4, 268.4, 268.4, 268.4, 268.4, 268.4, 268.4, 268.4, 268.4, 268.4]
270	269.37	0.0980	10	[269.09, 269.4, 269.4, 269.4, 269.4, 269.4, 269.4, 269.4, 269.4, 269.4]
271	270.42	0.0048	10	[270.42, 270.42, 270.42, 270.42, 270.42, 270.42, 270.42, 270.43, 270.43, 270.43]
272	271.38	0.0042	10	[271.38, 271.38, 271.38, 271.38, 271.38, 271.38, 271.38, 271.38, 271.39, 271.39]
273	272.38	0.0000	10	[272.38, 272.38, 272.38, 272.38, 272.38, 272.38, 272.38, 272.38, 272.38, 272.38]
274	273.28	0.0000	10	[273.28, 273.28, 273.28, 273.28, 273.28, 273.28, 273.28, 273.28, 273.28, 273.28]
275	274.44	0.1233	10	[274.09, 274.48, 274.48, 274.48, 274.48, 274.48, 274.48, 274.48, 274.48, 274.48]
276	274.48	0.0000	10	[274.48, 274.48, 274.48, 274.48, 274.48, 274.48, 274.48, 274.48, 274.48, 274.48]
277	274.48	0.0000	10	[274.48, 274.48, 274.48, 274.48, 274.48, 274.48, 274.48, 274.48, 274.48, 274.48]
278	274.47	0.0000	10	[274.47, 274.47, 274.47, 274.47, 274.47, 274.47, 274.47, 274.47, 274.47, 274.47]
279	274.47	0.0000	10	[274.47, 274.47, 274.47, 274.47, 274.47, 274.47, 274.47, 274.47, 274.47, 274.47]
280	274.47	0.0000	10	[274.47, 274.47, 274.47, 274.47, 274.47, 274.47, 274.47, 274.47, 274.47, 274.47]
281	274.47	0.0048	10	[274.47, 274.47, 274.47, 274.47, 274.47, 274.47, 274.47, 274.46, 274.46, 274.46]
282	274.46	0.0052	10	[274.46, 274.46, 274.46, 274.46, 274.46, 274.46, 274.45, 274.45, 274.45, 274.45]
283	274.44	0.0048	10	[274.45, 274.45, 274.45, 274.44, 274.44, 274.44, 274.44, 274.44, 274.44, 274.44]
284	274.44	0.0000	10	[274.44, 274.44, 274.44, 274.44, 274.44, 274.44, 274.44, 274.44, 274.44, 274.44]
285	274.45	0.0000	10	[274.45, 274.45, 274.45, 274.45, 274.45, 274.45, 274.45, 274.45, 274.45, 274.45]
286	274.45	0.0000	10	[274.45, 274.45, 274.45, 274.45, 274.45, 274.45, 274.45, 274.45, 274.45, 274.45]
287	274.45	0.0000	10	[274.45, 274.45, 274.45, 274.45, 274.45, 274.45, 274.45, 274.45, 274.45, 274.45]
288	274.45	0.0000	10	[274.45, 274.45, 274.45, 274.45, 274.45, 274.45, 274.45, 274.45, 274.45, 274.45]
289	274.44	0.0057	10	[274.45, 274.45, 274.44, 274.44, 274.44, 274.44, 274.44, 274.44, 274.44, 274.43]
290	274.42	0.0052	10	[274.43, 274.43, 274.43, 274.43, 274.42, 274.42, 274.42, 274.42, 274.42, 274.42]
291	274.41	0.0032	10	[274.41, 274.41, 274.41, 274.41, 274.41, 274.41, 274.41, 274.41, 274.41, 274.4]
292	274.40	0.0000	10	[274.4, 274.4, 274.4, 274.4, 274.4, 274.4, 274.4, 274.4, 274.4, 274.4]
293	274.41	0.0052	10	[274.4, 274.4, 274.4, 274.4, 274.41, 274.41, 274.41, 274.41, 274.41, 274.41]
294	274.41	0.0000	10	[274.41, 274.41, 274.41, 274.41, 274.41, 274.41, 274.41, 274.41, 274.41, 274.41]
295	274.41	0.0000	10	[274.41, 274.41, 274.41, 274.41, 274.41, 274.41, 274.41, 274.41, 274.41, 274.41]
296	274.41	0.0042	10	[274.41, 274.42, 274.42, 274.41, 274.41, 274.41, 274.41, 274.41, 274.41, 274.41]
297	274.41	0.0048	10	[274.41, 274.41, 274.41, 274.41, 274.41, 274.41, 274.41, 274.4, 274.4, 274.4]
298	274.40	0.0042	10	[274.4, 274.4, 274.4, 274.4, 274.4, 274.4, 274.4, 274.4, 274.39, 274.39]
299	274.39	0.0000	10	[274.39, 274.39, 274.39, 274.39, 274.39, 274.39, 274.39, 274.39, 274.39, 274.39]
# Ended on:  2021-07-19 18:56:42.896780
