# Began on:  2021-07-07 00:10:45.703255
0	13.35	3.3914	10	[23.0, 12.27, 12.27, 12.27, 12.27, 12.28, 12.28, 12.28, 12.28, 12.28]
1	13.81	0.0048	10	[13.81, 13.81, 13.81, 13.81, 13.81, 13.81, 13.81, 13.82, 13.82, 13.82]
2	14.85	0.0032	10	[14.85, 14.85, 14.85, 14.85, 14.85, 14.85, 14.85, 14.85, 14.85, 14.86]
3	15.98	0.0000	10	[15.98, 15.98, 15.98, 15.98, 15.98, 15.98, 15.98, 15.98, 15.98, 15.98]
4	16.95	0.0048	10	[16.95, 16.95, 16.95, 16.95, 16.95, 16.95, 16.95, 16.96, 16.96, 16.96]
5	18.08	0.0000	10	[18.08, 18.08, 18.08, 18.08, 18.08, 18.08, 18.08, 18.08, 18.08, 18.08]
6	19.06	0.0042	10	[19.06, 19.06, 19.06, 19.06, 19.06, 19.06, 19.06, 19.06, 19.07, 19.07]
7	20.16	0.0000	10	[20.16, 20.16, 20.16, 20.16, 20.16, 20.16, 20.16, 20.16, 20.16, 20.16]
8	21.17	0.0048	10	[21.16, 21.16, 21.16, 21.17, 21.17, 21.17, 21.17, 21.17, 21.17, 21.17]
9	22.26	0.0052	10	[22.25, 22.25, 22.25, 22.25, 22.26, 22.26, 22.26, 22.26, 22.26, 22.26]
10	23.10	0.0149	10	[23.08, 23.08, 23.09, 23.09, 23.1, 23.1, 23.11, 23.11, 23.12, 23.12]
11	24.28	0.0032	10	[24.27, 24.28, 24.28, 24.28, 24.28, 24.28, 24.28, 24.28, 24.28, 24.28]
12	25.24	0.0000	10	[25.24, 25.24, 25.24, 25.24, 25.24, 25.24, 25.24, 25.24, 25.24, 25.24]
13	26.27	0.0048	10	[26.27, 26.27, 26.27, 26.27, 26.27, 26.27, 26.27, 26.28, 26.28, 26.28]
14	27.28	0.0000	10	[27.28, 27.28, 27.28, 27.28, 27.28, 27.28, 27.28, 27.28, 27.28, 27.28]
15	28.24	0.0000	10	[28.24, 28.24, 28.24, 28.24, 28.24, 28.24, 28.24, 28.24, 28.24, 28.24]
16	28.89	0.0000	10	[28.89, 28.89, 28.89, 28.89, 28.89, 28.89, 28.89, 28.89, 28.89, 28.89]
17	30.41	0.0032	10	[30.41, 30.41, 30.41, 30.41, 30.41, 30.41, 30.41, 30.41, 30.41, 30.42]
18	31.41	0.0067	10	[31.4, 31.4, 31.4, 31.4, 31.41, 31.41, 31.41, 31.41, 31.41, 31.42]
19	32.52	0.0057	10	[32.51, 32.51, 32.52, 32.52, 32.52, 32.52, 32.52, 32.52, 32.52, 32.53]
20	33.56	0.0000	10	[33.56, 33.56, 33.56, 33.56, 33.56, 33.56, 33.56, 33.56, 33.56, 33.56]
21	34.67	0.0032	10	[34.67, 34.67, 34.67, 34.67, 34.67, 34.67, 34.67, 34.67, 34.67, 34.68]
22	35.69	0.0052	10	[35.7, 35.7, 35.7, 35.7, 35.69, 35.69, 35.69, 35.69, 35.69, 35.69]
23	36.66	0.0120	10	[36.64, 36.65, 36.65, 36.65, 36.66, 36.66, 36.66, 36.67, 36.67, 36.68]
24	37.77	0.0070	10	[37.76, 37.76, 37.76, 37.76, 37.76, 37.77, 37.77, 37.77, 37.77, 37.78]
25	38.88	0.0052	10	[38.88, 38.88, 38.88, 38.88, 38.88, 38.88, 38.89, 38.89, 38.89, 38.89]
26	39.93	0.0000	10	[39.93, 39.93, 39.93, 39.93, 39.93, 39.93, 39.93, 39.93, 39.93, 39.93]
27	41.02	0.0000	10	[41.02, 41.02, 41.02, 41.02, 41.02, 41.02, 41.02, 41.02, 41.02, 41.02]
28	41.98	0.0053	10	[41.98, 41.98, 41.98, 41.98, 41.98, 41.99, 41.99, 41.99, 41.99, 41.99]
29	43.12	0.0000	10	[43.12, 43.12, 43.12, 43.12, 43.12, 43.12, 43.12, 43.12, 43.12, 43.12]
30	44.10	0.0042	10	[44.09, 44.09, 44.1, 44.1, 44.1, 44.1, 44.1, 44.1, 44.1, 44.1]
31	45.11	0.0052	10	[45.11, 45.11, 45.11, 45.11, 45.11, 45.11, 45.12, 45.12, 45.12, 45.12]
32	45.55	0.0000	10	[45.55, 45.55, 45.55, 45.55, 45.55, 45.55, 45.55, 45.55, 45.55, 45.55]
33	47.11	0.0791	10	[46.88, 47.13, 47.13, 47.13, 47.13, 47.13, 47.13, 47.13, 47.13, 47.13]
34	48.10	0.0067	10	[48.09, 48.1, 48.1, 48.1, 48.1, 48.1, 48.11, 48.11, 48.11, 48.11]
35	49.19	0.0052	10	[49.19, 49.19, 49.19, 49.19, 49.19, 49.19, 49.2, 49.2, 49.2, 49.2]
36	50.21	0.0048	10	[50.21, 50.21, 50.21, 50.21, 50.21, 50.21, 50.21, 50.22, 50.22, 50.22]
37	51.33	0.0063	10	[51.32, 51.33, 51.33, 51.33, 51.33, 51.33, 51.33, 51.34, 51.34, 51.34]
38	52.38	0.0042	10	[52.38, 52.38, 52.38, 52.38, 52.38, 52.38, 52.38, 52.38, 52.39, 52.39]
39	53.46	0.0052	10	[53.46, 53.46, 53.46, 53.46, 53.46, 53.46, 53.47, 53.47, 53.47, 53.47]
40	54.50	0.0057	10	[54.49, 54.49, 54.5, 54.5, 54.5, 54.5, 54.5, 54.5, 54.5, 54.51]
41	55.62	0.0048	10	[55.62, 55.62, 55.62, 55.62, 55.62, 55.62, 55.62, 55.63, 55.63, 55.63]
42	56.62	0.0042	10	[56.62, 56.62, 56.62, 56.62, 56.62, 56.62, 56.62, 56.62, 56.63, 56.63]
43	57.75	0.0042	10	[57.74, 57.74, 57.75, 57.75, 57.75, 57.75, 57.75, 57.75, 57.75, 57.75]
44	58.74	0.0052	10	[58.74, 58.74, 58.74, 58.74, 58.74, 58.74, 58.75, 58.75, 58.75, 58.75]
45	59.84	0.0053	10	[59.84, 59.84, 59.84, 59.84, 59.84, 59.85, 59.85, 59.85, 59.85, 59.85]
46	60.75	0.0177	10	[60.72, 60.73, 60.73, 60.74, 60.74, 60.75, 60.76, 60.76, 60.77, 60.77]
47	61.88	0.0067	10	[61.87, 61.87, 61.87, 61.87, 61.88, 61.88, 61.88, 61.88, 61.88, 61.89]
48	61.90	0.0107	10	[61.89, 61.89, 61.9, 61.9, 61.9, 61.9, 61.91, 61.91, 61.92, 61.92]
49	63.47	0.0057	10	[63.46, 63.47, 63.47, 63.47, 63.47, 63.47, 63.47, 63.47, 63.48, 63.48]
50	64.48	0.0067	10	[64.47, 64.47, 64.47, 64.47, 64.48, 64.48, 64.48, 64.48, 64.48, 64.49]
51	65.58	0.0085	10	[65.56, 65.57, 65.57, 65.57, 65.57, 65.58, 65.58, 65.58, 65.58, 65.59]
52	66.58	0.0108	10	[66.56, 66.56, 66.57, 66.57, 66.57, 66.58, 66.58, 66.58, 66.59, 66.59]
53	67.76	0.0048	10	[67.75, 67.75, 67.75, 67.76, 67.76, 67.76, 67.76, 67.76, 67.76, 67.76]
54	68.78	0.0042	10	[68.77, 68.77, 68.78, 68.78, 68.78, 68.78, 68.78, 68.78, 68.78, 68.78]
55	69.87	0.0079	10	[69.86, 69.86, 69.87, 69.87, 69.87, 69.87, 69.88, 69.88, 69.88, 69.88]
56	70.83	0.0137	10	[70.81, 70.81, 70.82, 70.82, 70.83, 70.83, 70.84, 70.84, 70.84, 70.85]
57	72.05	0.0048	10	[72.04, 72.04, 72.04, 72.05, 72.05, 72.05, 72.05, 72.05, 72.05, 72.05]
58	73.06	0.0052	10	[73.06, 73.06, 73.06, 73.06, 73.06, 73.06, 73.07, 73.07, 73.07, 73.07]
59	74.18	0.0048	10	[74.18, 74.18, 74.18, 74.18, 74.18, 74.18, 74.18, 74.19, 74.19, 74.19]
60	75.21	0.0052	10	[75.21, 75.21, 75.21, 75.21, 75.21, 75.21, 75.22, 75.22, 75.22, 75.22]
61	76.30	0.0127	10	[76.28, 76.28, 76.28, 76.29, 76.29, 76.3, 76.3, 76.31, 76.31, 76.31]
62	77.40	0.0048	10	[77.39, 77.39, 77.39, 77.4, 77.4, 77.4, 77.4, 77.4, 77.4, 77.4]
63	78.45	0.0048	10	[78.45, 78.45, 78.45, 78.45, 78.45, 78.45, 78.45, 78.46, 78.46, 78.46]
64	78.45	0.0048	10	[78.46, 78.46, 78.46, 78.45, 78.45, 78.45, 78.45, 78.45, 78.45, 78.45]
65	79.94	0.0067	10	[79.93, 79.94, 79.94, 79.94, 79.94, 79.94, 79.95, 79.95, 79.95, 79.95]
66	80.91	0.0082	10	[80.9, 80.9, 80.91, 80.91, 80.91, 80.92, 80.92, 80.92, 80.92, 80.92]
67	82.03	0.0052	10	[82.02, 82.02, 82.02, 82.02, 82.03, 82.03, 82.03, 82.03, 82.03, 82.03]
68	83.07	0.0067	10	[83.06, 83.06, 83.06, 83.06, 83.07, 83.07, 83.07, 83.07, 83.07, 83.08]
69	84.16	0.0079	10	[84.15, 84.15, 84.16, 84.16, 84.16, 84.16, 84.17, 84.17, 84.17, 84.17]
70	85.22	0.0103	10	[85.21, 85.21, 85.21, 85.22, 85.22, 85.22, 85.23, 85.23, 85.23, 85.24]
71	86.40	0.0000	10	[86.4, 86.4, 86.4, 86.4, 86.4, 86.4, 86.4, 86.4, 86.4, 86.4]
72	87.42	0.0032	10	[87.41, 87.42, 87.42, 87.42, 87.42, 87.42, 87.42, 87.42, 87.42, 87.42]
73	88.50	0.0103	10	[88.48, 88.49, 88.49, 88.49, 88.5, 88.5, 88.5, 88.51, 88.51, 88.51]
74	89.53	0.0097	10	[89.52, 89.52, 89.53, 89.53, 89.53, 89.54, 89.54, 89.54, 89.54, 89.55]
75	90.72	0.0052	10	[90.72, 90.72, 90.72, 90.72, 90.72, 90.72, 90.73, 90.73, 90.73, 90.73]
76	91.70	0.0042	10	[91.69, 91.69, 91.7, 91.7, 91.7, 91.7, 91.7, 91.7, 91.7, 91.7]
77	92.82	0.0759	10	[92.6, 92.84, 92.84, 92.84, 92.84, 92.84, 92.84, 92.84, 92.84, 92.84]
78	93.80	0.0053	10	[93.79, 93.79, 93.79, 93.79, 93.79, 93.8, 93.8, 93.8, 93.8, 93.8]
79	94.86	0.0079	10	[94.85, 94.85, 94.86, 94.86, 94.86, 94.86, 94.87, 94.87, 94.87, 94.87]
80	94.86	0.0097	10	[94.87, 94.87, 94.86, 94.86, 94.86, 94.85, 94.85, 94.85, 94.85, 94.84]
81	96.26	0.0079	10	[96.25, 96.25, 96.25, 96.25, 96.26, 96.26, 96.26, 96.26, 96.27, 96.27]
82	97.30	0.0000	10	[97.3, 97.3, 97.3, 97.3, 97.3, 97.3, 97.3, 97.3, 97.3, 97.3]
83	98.41	0.0053	10	[98.4, 98.4, 98.4, 98.4, 98.4, 98.41, 98.41, 98.41, 98.41, 98.41]
84	99.46	0.0048	10	[99.45, 99.45, 99.45, 99.46, 99.46, 99.46, 99.46, 99.46, 99.46, 99.46]
85	100.56	0.0053	10	[100.55, 100.55, 100.55, 100.55, 100.55, 100.56, 100.56, 100.56, 100.56, 100.56]
86	101.49	0.0134	10	[101.47, 101.47, 101.48, 101.48, 101.48, 101.49, 101.49, 101.5, 101.5, 101.51]
87	102.69	0.0053	10	[102.68, 102.68, 102.68, 102.68, 102.68, 102.69, 102.69, 102.69, 102.69, 102.69]
88	103.73	0.0000	10	[103.73, 103.73, 103.73, 103.73, 103.73, 103.73, 103.73, 103.73, 103.73, 103.73]
89	104.85	0.0063	10	[104.84, 104.84, 104.84, 104.85, 104.85, 104.85, 104.85, 104.85, 104.85, 104.86]
90	105.86	0.0079	10	[105.85, 105.85, 105.86, 105.86, 105.86, 105.86, 105.87, 105.87, 105.87, 105.87]
91	107.03	0.0032	10	[107.02, 107.03, 107.03, 107.03, 107.03, 107.03, 107.03, 107.03, 107.03, 107.03]
92	108.00	0.0108	10	[107.99, 107.99, 108.0, 108.0, 108.0, 108.01, 108.01, 108.01, 108.02, 108.02]
93	109.16	0.0053	10	[109.16, 109.16, 109.16, 109.16, 109.16, 109.17, 109.17, 109.17, 109.17, 109.17]
94	110.20	0.0063	10	[110.19, 110.2, 110.2, 110.2, 110.2, 110.2, 110.2, 110.21, 110.21, 110.21]
95	111.27	0.0000	10	[111.27, 111.27, 111.27, 111.27, 111.27, 111.27, 111.27, 111.27, 111.27, 111.27]
96	111.27	0.0048	10	[111.27, 111.27, 111.27, 111.27, 111.27, 111.27, 111.27, 111.26, 111.26, 111.26]
97	112.61	0.0140	10	[112.59, 112.6, 112.6, 112.6, 112.61, 112.62, 112.62, 112.62, 112.63, 112.63]
98	113.72	0.0053	10	[113.72, 113.72, 113.72, 113.72, 113.72, 113.73, 113.73, 113.73, 113.73, 113.73]
99	114.74	0.0143	10	[114.72, 114.73, 114.73, 114.74, 114.74, 114.75, 114.75, 114.76, 114.76, 114.76]
100	115.84	0.0053	10	[115.84, 115.84, 115.84, 115.84, 115.84, 115.85, 115.85, 115.85, 115.85, 115.85]
101	116.93	0.0103	10	[116.92, 116.92, 116.92, 116.93, 116.93, 116.93, 116.94, 116.94, 116.94, 116.95]
102	118.02	0.0053	10	[118.01, 118.01, 118.01, 118.01, 118.01, 118.02, 118.02, 118.02, 118.02, 118.02]
103	119.12	0.0053	10	[119.12, 119.12, 119.12, 119.12, 119.12, 119.13, 119.13, 119.13, 119.13, 119.13]
104	120.15	0.0042	10	[120.14, 120.14, 120.15, 120.15, 120.15, 120.15, 120.15, 120.15, 120.15, 120.15]
105	121.29	0.0067	10	[121.28, 121.28, 121.28, 121.28, 121.29, 121.29, 121.29, 121.29, 121.29, 121.3]
106	122.30	0.0097	10	[122.28, 122.29, 122.29, 122.29, 122.29, 122.3, 122.3, 122.3, 122.31, 122.31]
107	123.47	0.0000	10	[123.47, 123.47, 123.47, 123.47, 123.47, 123.47, 123.47, 123.47, 123.47, 123.47]
108	124.47	0.0053	10	[124.47, 124.47, 124.47, 124.47, 124.47, 124.48, 124.48, 124.48, 124.48, 124.48]
109	125.57	0.0079	10	[125.56, 125.56, 125.57, 125.57, 125.57, 125.57, 125.58, 125.58, 125.58, 125.58]
110	126.62	0.0052	10	[126.62, 126.62, 126.62, 126.62, 126.62, 126.62, 126.63, 126.63, 126.63, 126.63]
111	127.68	0.0042	10	[127.67, 127.67, 127.68, 127.68, 127.68, 127.68, 127.68, 127.68, 127.68, 127.68]
112	127.44	0.0048	10	[127.45, 127.45, 127.45, 127.44, 127.44, 127.44, 127.44, 127.44, 127.44, 127.44]
113	128.97	0.0042	10	[128.97, 128.97, 128.97, 128.97, 128.97, 128.97, 128.97, 128.97, 128.98, 128.98]
114	129.97	0.0063	10	[129.96, 129.96, 129.96, 129.97, 129.97, 129.97, 129.97, 129.97, 129.97, 129.98]
115	131.05	0.0067	10	[131.04, 131.04, 131.04, 131.04, 131.05, 131.05, 131.05, 131.05, 131.05, 131.06]
116	132.09	0.0067	10	[132.08, 132.08, 132.08, 132.08, 132.09, 132.09, 132.09, 132.09, 132.09, 132.1]
117	133.24	0.0048	10	[133.23, 133.23, 133.23, 133.24, 133.24, 133.24, 133.24, 133.24, 133.24, 133.24]
118	134.24	0.0067	10	[134.23, 134.24, 134.24, 134.24, 134.24, 134.24, 134.25, 134.25, 134.25, 134.25]
119	135.39	0.0000	10	[135.39, 135.39, 135.39, 135.39, 135.39, 135.39, 135.39, 135.39, 135.39, 135.39]
120	136.38	0.0052	10	[136.38, 136.38, 136.38, 136.38, 136.38, 136.38, 136.39, 136.39, 136.39, 136.39]
121	137.55	0.0053	10	[137.54, 137.54, 137.54, 137.54, 137.54, 137.55, 137.55, 137.55, 137.55, 137.55]
122	138.58	0.0042	10	[138.58, 138.58, 138.58, 138.58, 138.58, 138.58, 138.58, 138.58, 138.59, 138.59]
123	139.68	0.0042	10	[139.67, 139.67, 139.68, 139.68, 139.68, 139.68, 139.68, 139.68, 139.68, 139.68]
124	140.71	0.0052	10	[140.71, 140.71, 140.71, 140.71, 140.71, 140.71, 140.72, 140.72, 140.72, 140.72]
125	141.85	0.0052	10	[141.84, 141.84, 141.84, 141.84, 141.85, 141.85, 141.85, 141.85, 141.85, 141.85]
126	142.87	0.0053	10	[142.86, 142.86, 142.86, 142.86, 142.86, 142.87, 142.87, 142.87, 142.87, 142.87]
127	143.91	0.0052	10	[143.9, 143.9, 143.9, 143.9, 143.91, 143.91, 143.91, 143.91, 143.91, 143.91]
128	143.91	0.0053	10	[143.91, 143.91, 143.91, 143.91, 143.91, 143.9, 143.9, 143.9, 143.9, 143.9]
129	145.24	0.0175	10	[145.22, 145.22, 145.23, 145.23, 145.24, 145.24, 145.25, 145.26, 145.26, 145.27]
130	146.37	0.0067	10	[146.36, 146.36, 146.37, 146.37, 146.37, 146.37, 146.37, 146.37, 146.38, 146.38]
131	147.48	0.0067	10	[147.47, 147.47, 147.47, 147.47, 147.48, 147.48, 147.48, 147.48, 147.48, 147.49]
132	148.53	0.0053	10	[148.53, 148.53, 148.53, 148.53, 148.53, 148.54, 148.54, 148.54, 148.54, 148.54]
133	149.56	0.0149	10	[149.54, 149.54, 149.55, 149.55, 149.56, 149.56, 149.57, 149.57, 149.58, 149.58]
134	150.65	0.0067	10	[150.64, 150.65, 150.65, 150.65, 150.65, 150.65, 150.66, 150.66, 150.66, 150.66]
135	151.76	0.0067	10	[151.75, 151.75, 151.75, 151.75, 151.76, 151.76, 151.76, 151.76, 151.76, 151.77]
136	152.78	0.0053	10	[152.78, 152.78, 152.78, 152.78, 152.78, 152.79, 152.79, 152.79, 152.79, 152.79]
137	153.92	0.0074	10	[153.91, 153.91, 153.92, 153.92, 153.92, 153.92, 153.92, 153.93, 153.93, 153.93]
138	154.92	0.0103	10	[154.9, 154.91, 154.91, 154.91, 154.92, 154.92, 154.92, 154.93, 154.93, 154.93]
139	156.04	0.0088	10	[156.03, 156.03, 156.03, 156.04, 156.04, 156.04, 156.05, 156.05, 156.05, 156.05]
140	157.11	0.0067	10	[157.1, 157.1, 157.11, 157.11, 157.11, 157.11, 157.11, 157.11, 157.12, 157.12]
141	158.22	0.0053	10	[158.21, 158.21, 158.21, 158.21, 158.21, 158.22, 158.22, 158.22, 158.22, 158.22]
142	159.27	0.0063	10	[159.26, 159.27, 159.27, 159.27, 159.27, 159.27, 159.27, 159.28, 159.28, 159.28]
143	160.34	0.0791	10	[160.11, 160.36, 160.36, 160.36, 160.36, 160.36, 160.36, 160.36, 160.36, 160.36]
144	160.32	0.0177	10	[160.35, 160.34, 160.34, 160.33, 160.33, 160.32, 160.31, 160.31, 160.3, 160.3]
145	161.64	0.0052	10	[161.64, 161.64, 161.64, 161.64, 161.64, 161.64, 161.65, 161.65, 161.65, 161.65]
146	162.69	0.0791	10	[162.46, 162.71, 162.71, 162.71, 162.71, 162.71, 162.71, 162.71, 162.71, 162.71]
147	163.76	0.0067	10	[163.75, 163.75, 163.75, 163.75, 163.76, 163.76, 163.76, 163.76, 163.76, 163.77]
148	164.80	0.0052	10	[164.8, 164.8, 164.8, 164.8, 164.8, 164.8, 164.81, 164.81, 164.81, 164.81]
149	165.92	0.0063	10	[165.91, 165.92, 165.92, 165.92, 165.92, 165.92, 165.92, 165.93, 165.93, 165.93]
150	166.92	0.0088	10	[166.91, 166.91, 166.91, 166.92, 166.92, 166.92, 166.93, 166.93, 166.93, 166.93]
151	168.05	0.0074	10	[168.04, 168.04, 168.04, 168.05, 168.05, 168.05, 168.05, 168.05, 168.06, 168.06]
152	169.10	0.0042	10	[169.09, 169.09, 169.1, 169.1, 169.1, 169.1, 169.1, 169.1, 169.1, 169.1]
153	170.22	0.0053	10	[170.22, 170.22, 170.22, 170.22, 170.22, 170.23, 170.23, 170.23, 170.23, 170.23]
154	171.24	0.0074	10	[171.23, 171.23, 171.24, 171.24, 171.24, 171.24, 171.24, 171.25, 171.25, 171.25]
155	172.35	0.0067	10	[172.34, 172.34, 172.35, 172.35, 172.35, 172.35, 172.35, 172.35, 172.36, 172.36]
156	173.38	0.0082	10	[173.37, 173.37, 173.37, 173.38, 173.38, 173.38, 173.38, 173.39, 173.39, 173.39]
157	174.39	0.0149	10	[174.37, 174.37, 174.38, 174.38, 174.39, 174.39, 174.4, 174.4, 174.41, 174.41]
158	175.54	0.0067	10	[175.53, 175.54, 175.54, 175.54, 175.54, 175.54, 175.55, 175.55, 175.55, 175.55]
159	176.58	0.0070	10	[176.57, 176.57, 176.57, 176.57, 176.57, 176.58, 176.58, 176.58, 176.58, 176.59]
160	176.32	0.0032	10	[176.33, 176.32, 176.32, 176.32, 176.32, 176.32, 176.32, 176.32, 176.32, 176.32]
161	177.71	0.0149	10	[177.69, 177.69, 177.7, 177.7, 177.71, 177.71, 177.72, 177.72, 177.73, 177.73]
162	178.79	0.0079	10	[178.78, 178.78, 178.78, 178.78, 178.79, 178.79, 178.79, 178.79, 178.8, 178.8]
163	179.89	0.0082	10	[179.88, 179.88, 179.88, 179.89, 179.89, 179.89, 179.89, 179.9, 179.9, 179.9]
164	180.96	0.0048	10	[180.96, 180.96, 180.96, 180.96, 180.96, 180.96, 180.96, 180.97, 180.97, 180.97]
165	182.06	0.0074	10	[182.05, 182.05, 182.05, 182.06, 182.06, 182.06, 182.06, 182.06, 182.07, 182.07]
166	182.99	0.0152	10	[182.97, 182.97, 182.98, 182.98, 182.99, 183.0, 183.0, 183.0, 183.01, 183.01]
167	184.19	0.0048	10	[184.19, 184.19, 184.19, 184.19, 184.19, 184.19, 184.19, 184.2, 184.2, 184.2]
168	185.21	0.0079	10	[185.2, 185.2, 185.21, 185.21, 185.21, 185.21, 185.22, 185.22, 185.22, 185.22]
169	186.34	0.0082	10	[186.33, 186.33, 186.33, 186.34, 186.34, 186.34, 186.34, 186.35, 186.35, 186.35]
170	187.36	0.0067	10	[187.35, 187.36, 187.36, 187.36, 187.36, 187.36, 187.37, 187.37, 187.37, 187.37]
171	188.51	0.0885	10	[188.34, 188.34, 188.55, 188.55, 188.55, 188.55, 188.55, 188.55, 188.55, 188.55]
172	189.53	0.0067	10	[189.52, 189.52, 189.53, 189.53, 189.53, 189.53, 189.53, 189.53, 189.54, 189.54]
173	190.52	0.0190	10	[190.49, 190.49, 190.5, 190.51, 190.51, 190.52, 190.53, 190.53, 190.54, 190.54]
174	191.66	0.0053	10	[191.66, 191.66, 191.66, 191.66, 191.66, 191.67, 191.67, 191.67, 191.67, 191.67]
175	192.75	0.0664	10	[192.56, 192.77, 192.77, 192.77, 192.77, 192.77, 192.77, 192.77, 192.77, 192.77]
176	192.34	0.0052	10	[192.34, 192.34, 192.34, 192.34, 192.34, 192.34, 192.33, 192.33, 192.33, 192.33]
177	193.79	0.0949	10	[193.52, 193.82, 193.82, 193.82, 193.82, 193.82, 193.82, 193.82, 193.82, 193.82]
178	194.78	0.0057	10	[194.77, 194.77, 194.78, 194.78, 194.78, 194.78, 194.78, 194.78, 194.78, 194.79]
179	195.76	0.0177	10	[195.74, 195.74, 195.75, 195.75, 195.76, 195.77, 195.77, 195.78, 195.78, 195.79]
180	196.92	0.0032	10	[196.91, 196.92, 196.92, 196.92, 196.92, 196.92, 196.92, 196.92, 196.92, 196.92]
181	197.89	0.0052	10	[197.88, 197.88, 197.88, 197.88, 197.89, 197.89, 197.89, 197.89, 197.89, 197.89]
182	198.92	0.0048	10	[198.92, 198.92, 198.92, 198.92, 198.92, 198.92, 198.92, 198.93, 198.93, 198.93]
183	200.00	0.0085	10	[199.98, 199.99, 199.99, 199.99, 199.99, 200.0, 200.0, 200.0, 200.0, 200.01]
184	200.94	0.0158	10	[200.91, 200.92, 200.92, 200.93, 200.93, 200.94, 200.94, 200.95, 200.95, 200.96]
185	202.14	0.0079	10	[202.13, 202.13, 202.13, 202.13, 202.14, 202.14, 202.14, 202.14, 202.15, 202.15]
186	203.15	0.0103	10	[203.13, 203.14, 203.14, 203.14, 203.15, 203.15, 203.15, 203.16, 203.16, 203.16]
187	204.29	0.0074	10	[204.28, 204.28, 204.28, 204.29, 204.29, 204.29, 204.29, 204.29, 204.3, 204.3]
188	205.31	0.0074	10	[205.3, 205.3, 205.3, 205.31, 205.31, 205.31, 205.31, 205.31, 205.32, 205.32]
189	206.38	0.0132	10	[206.36, 206.37, 206.37, 206.38, 206.38, 206.38, 206.39, 206.39, 206.4, 206.4]
190	207.49	0.0067	10	[207.48, 207.48, 207.48, 207.48, 207.49, 207.49, 207.49, 207.49, 207.49, 207.5]
191	208.54	0.0042	10	[208.53, 208.53, 208.54, 208.54, 208.54, 208.54, 208.54, 208.54, 208.54, 208.54]
192	208.24	0.0032	10	[208.24, 208.24, 208.24, 208.24, 208.24, 208.24, 208.24, 208.24, 208.24, 208.25]
193	209.68	0.0079	10	[209.67, 209.67, 209.68, 209.68, 209.68, 209.68, 209.69, 209.69, 209.69, 209.69]
194	210.61	0.0191	10	[210.58, 210.59, 210.59, 210.6, 210.61, 210.61, 210.62, 210.62, 210.63, 210.64]
195	211.89	0.0799	10	[211.66, 211.92, 211.92, 211.91, 211.91, 211.91, 211.91, 211.91, 211.91, 211.91]
196	212.87	0.0074	10	[212.86, 212.86, 212.86, 212.87, 212.87, 212.87, 212.87, 212.87, 212.88, 212.88]
197	213.98	0.0063	10	[213.97, 213.98, 213.98, 213.98, 213.98, 213.98, 213.98, 213.99, 213.99, 213.99]
198	215.00	0.0082	10	[214.99, 214.99, 214.99, 215.0, 215.0, 215.0, 215.0, 215.01, 215.01, 215.01]
199	216.17	0.0799	10	[215.94, 216.2, 216.2, 216.19, 216.19, 216.19, 216.19, 216.19, 216.19, 216.19]
200	217.04	0.0183	10	[217.01, 217.02, 217.03, 217.03, 217.04, 217.04, 217.05, 217.05, 217.06, 217.07]
201	218.30	0.0000	10	[218.3, 218.3, 218.3, 218.3, 218.3, 218.3, 218.3, 218.3, 218.3, 218.3]
202	219.30	0.0032	10	[219.29, 219.3, 219.3, 219.3, 219.3, 219.3, 219.3, 219.3, 219.3, 219.3]
203	220.38	0.0067	10	[220.37, 220.38, 220.38, 220.38, 220.38, 220.38, 220.39, 220.39, 220.39, 220.39]
204	221.42	0.0074	10	[221.41, 221.41, 221.42, 221.42, 221.42, 221.42, 221.42, 221.43, 221.43, 221.43]
205	222.51	0.0074	10	[222.5, 222.5, 222.51, 222.51, 222.51, 222.51, 222.51, 222.52, 222.52, 222.52]
206	223.54	0.0082	10	[223.53, 223.53, 223.53, 223.54, 223.54, 223.54, 223.54, 223.55, 223.55, 223.55]
207	224.61	0.0053	10	[224.6, 224.6, 224.6, 224.6, 224.6, 224.61, 224.61, 224.61, 224.61, 224.61]
208	224.17	0.0000	10	[224.17, 224.17, 224.17, 224.17, 224.17, 224.17, 224.17, 224.17, 224.17, 224.17]
209	225.61	0.0048	10	[225.61, 225.61, 225.61, 225.61, 225.61, 225.61, 225.61, 225.62, 225.62, 225.62]
210	226.59	0.0079	10	[226.58, 226.58, 226.58, 226.58, 226.59, 226.59, 226.59, 226.59, 226.6, 226.6]
211	227.72	0.0074	10	[227.71, 227.71, 227.71, 227.72, 227.72, 227.72, 227.72, 227.72, 227.73, 227.73]
212	228.79	0.0822	10	[228.56, 228.82, 228.82, 228.82, 228.82, 228.82, 228.82, 228.82, 228.82, 228.82]
213	229.88	0.0775	10	[229.66, 229.9, 229.9, 229.9, 229.9, 229.9, 229.91, 229.91, 229.91, 229.91]
214	230.90	0.0052	10	[230.89, 230.89, 230.89, 230.89, 230.9, 230.9, 230.9, 230.9, 230.9, 230.9]
215	232.00	0.0042	10	[231.99, 231.99, 232.0, 232.0, 232.0, 232.0, 232.0, 232.0, 232.0, 232.0]
216	233.08	0.1185	10	[233.01, 233.01, 233.01, 233.01, 233.01, 233.01, 233.02, 233.26, 233.26, 233.25]
217	234.12	0.0053	10	[234.11, 234.11, 234.11, 234.11, 234.11, 234.12, 234.12, 234.12, 234.12, 234.12]
218	235.14	0.0074	10	[235.13, 235.13, 235.14, 235.14, 235.14, 235.14, 235.14, 235.15, 235.15, 235.15]
219	236.26	0.0053	10	[236.26, 236.26, 236.26, 236.26, 236.26, 236.27, 236.27, 236.27, 236.27, 236.27]
220	237.26	0.0074	10	[237.25, 237.25, 237.26, 237.26, 237.26, 237.26, 237.26, 237.27, 237.27, 237.27]
221	238.50	0.1317	10	[238.39, 238.39, 238.39, 238.4, 238.4, 238.4, 238.65, 238.65, 238.65, 238.65]
222	239.62	0.0067	10	[239.61, 239.61, 239.61, 239.61, 239.62, 239.62, 239.62, 239.62, 239.62, 239.63]
223	240.69	0.0042	10	[240.68, 240.68, 240.69, 240.69, 240.69, 240.69, 240.69, 240.69, 240.69, 240.69]
224	240.23	0.0042	10	[240.24, 240.24, 240.23, 240.23, 240.23, 240.23, 240.23, 240.23, 240.23, 240.23]
225	241.62	0.0158	10	[241.65, 241.64, 241.64, 241.63, 241.63, 241.62, 241.62, 241.61, 241.61, 241.6]
226	242.45	0.0042	10	[242.44, 242.44, 242.45, 242.45, 242.45, 242.45, 242.45, 242.45, 242.45, 242.45]
227	243.41	0.0175	10	[243.39, 243.39, 243.4, 243.4, 243.41, 243.41, 243.42, 243.43, 243.43, 243.44]
228	244.64	0.1361	10	[244.55, 244.55, 244.56, 244.56, 244.56, 244.56, 244.57, 244.84, 244.84, 244.84]
229	245.88	0.0053	10	[245.88, 245.88, 245.88, 245.88, 245.89, 245.89, 245.89, 245.89, 245.89, 245.88]
230	246.68	0.0052	10	[246.67, 246.67, 246.67, 246.67, 246.68, 246.68, 246.68, 246.68, 246.68, 246.68]
231	247.74	0.0052	10	[247.74, 247.74, 247.74, 247.74, 247.74, 247.74, 247.75, 247.75, 247.75, 247.75]
232	248.74	0.0063	10	[248.73, 248.74, 248.74, 248.74, 248.74, 248.74, 248.74, 248.75, 248.75, 248.75]
233	249.85	0.0067	10	[249.84, 249.84, 249.84, 249.84, 249.85, 249.85, 249.85, 249.85, 249.85, 249.86]
234	250.82	0.0137	10	[250.8, 250.8, 250.81, 250.81, 250.82, 250.82, 250.83, 250.83, 250.83, 250.84]
235	251.96	0.0070	10	[251.95, 251.96, 251.96, 251.96, 251.96, 251.97, 251.97, 251.97, 251.97, 251.97]
236	253.00	0.0949	10	[252.73, 253.03, 253.03, 253.03, 253.03, 253.03, 253.03, 253.03, 253.03, 253.03]
237	253.95	0.0177	10	[253.92, 253.93, 253.93, 253.94, 253.94, 253.95, 253.96, 253.96, 253.97, 253.97]
238	255.08	0.0052	10	[255.07, 255.07, 255.07, 255.07, 255.08, 255.08, 255.08, 255.08, 255.08, 255.08]
239	256.01	0.0158	10	[255.99, 256.0, 256.0, 256.01, 256.01, 256.02, 256.02, 256.03, 256.03, 256.04]
240	255.23	0.0661	10	[255.42, 255.22, 255.21, 255.21, 255.21, 255.21, 255.21, 255.21, 255.21, 255.21]
241	256.83	0.1179	10	[256.6, 256.9, 256.9, 256.9, 256.9, 256.9, 256.9, 256.89, 256.69, 256.69]
242	257.77	0.1317	10	[257.62, 257.62, 257.62, 257.62, 257.87, 257.87, 257.87, 257.88, 257.88, 257.88]
243	258.91	0.0032	10	[258.91, 258.91, 258.91, 258.91, 258.91, 258.91, 258.91, 258.91, 258.91, 258.92]
244	259.88	0.0053	10	[259.88, 259.88, 259.88, 259.88, 259.88, 259.89, 259.89, 259.89, 259.89, 259.89]
245	260.93	0.0057	10	[260.92, 260.92, 260.93, 260.93, 260.93, 260.93, 260.93, 260.93, 260.93, 260.94]
246	261.91	0.0067	10	[261.9, 261.91, 261.91, 261.91, 261.91, 261.91, 261.92, 261.92, 261.92, 261.92]
247	262.94	0.0074	10	[262.93, 262.93, 262.93, 262.94, 262.94, 262.94, 262.94, 262.94, 262.95, 262.95]
248	263.92	0.0052	10	[263.92, 263.92, 263.92, 263.92, 263.92, 263.92, 263.93, 263.93, 263.93, 263.93]
249	264.99	0.0052	10	[264.98, 264.98, 264.98, 264.98, 264.99, 264.99, 264.99, 264.99, 264.99, 264.99]
250	265.93	0.0052	10	[265.93, 265.93, 265.93, 265.93, 265.93, 265.93, 265.94, 265.94, 265.94, 265.94]
251	266.91	0.0048	10	[266.9, 266.9, 266.9, 266.91, 266.91, 266.91, 266.91, 266.91, 266.91, 266.91]
252	267.86	0.0048	10	[267.85, 267.85, 267.85, 267.86, 267.86, 267.86, 267.86, 267.86, 267.86, 267.86]
253	268.81	0.0042	10	[268.81, 268.81, 268.81, 268.81, 268.81, 268.81, 268.81, 268.81, 268.82, 268.82]
254	269.67	0.0097	10	[269.66, 269.66, 269.67, 269.67, 269.67, 269.68, 269.68, 269.68, 269.68, 269.69]
255	270.50	0.0053	10	[270.5, 270.5, 270.51, 270.51, 270.51, 270.51, 270.51, 270.5, 270.5, 270.5]
256	0.17	0.0000	10	[0.17, 0.17, 0.17, 0.17, 0.17, 0.17, 0.17, 0.17, 0.17, 0.17]
# Ended on:  2021-07-07 00:23:51.376291
