# Began on:  2021-07-17 20:27:50.859695
0	10.21	0.0191	10	[10.24, 10.23, 10.22, 10.22, 10.21, 10.21, 10.2, 10.19, 10.19, 10.18]
1	11.70	0.0042	10	[11.7, 11.7, 11.7, 11.7, 11.7, 11.7, 11.7, 11.7, 11.69, 11.69]
2	12.62	0.0000	10	[12.62, 12.62, 12.62, 12.62, 12.62, 12.62, 12.62, 12.62, 12.62, 12.62]
3	13.80	0.0000	10	[13.8, 13.8, 13.8, 13.8, 13.8, 13.8, 13.8, 13.8, 13.8, 13.8]
4	14.74	0.0000	10	[14.74, 14.74, 14.74, 14.74, 14.74, 14.74, 14.74, 14.74, 14.74, 14.74]
5	15.94	0.0000	10	[15.94, 15.94, 15.94, 15.94, 15.94, 15.94, 15.94, 15.94, 15.94, 15.94]
6	16.87	0.0000	10	[16.87, 16.87, 16.87, 16.87, 16.87, 16.87, 16.87, 16.87, 16.87, 16.87]
7	18.05	0.0053	10	[18.05, 18.05, 18.05, 18.05, 18.05, 18.04, 18.04, 18.04, 18.04, 18.04]
8	18.92	0.0000	10	[18.92, 18.92, 18.92, 18.92, 18.92, 18.92, 18.92, 18.92, 18.92, 18.92]
9	20.11	0.0000	10	[20.11, 20.11, 20.11, 20.11, 20.11, 20.11, 20.11, 20.11, 20.11, 20.11]
10	21.00	0.0042	10	[21.0, 21.0, 21.0, 21.0, 21.0, 21.0, 21.0, 21.0, 21.01, 21.01]
11	22.16	0.0052	10	[22.17, 22.17, 22.17, 22.17, 22.16, 22.16, 22.16, 22.16, 22.16, 22.16]
12	23.02	0.0000	10	[23.02, 23.02, 23.02, 23.02, 23.02, 23.02, 23.02, 23.02, 23.02, 23.02]
13	24.17	0.0000	10	[24.17, 24.17, 24.17, 24.17, 24.17, 24.17, 24.17, 24.17, 24.17, 24.17]
14	25.10	0.0000	10	[25.1, 25.1, 25.1, 25.1, 25.1, 25.1, 25.1, 25.1, 25.1, 25.1]
15	26.06	0.0132	10	[26.04, 26.05, 26.05, 26.06, 26.06, 26.06, 26.07, 26.07, 26.08, 26.08]
16	27.10	0.0032	10	[27.1, 27.1, 27.1, 27.1, 27.1, 27.1, 27.1, 27.1, 27.1, 27.11]
17	28.81	0.0052	10	[28.82, 28.82, 28.82, 28.82, 28.81, 28.81, 28.81, 28.81, 28.81, 28.81]
18	29.70	0.0048	10	[29.7, 29.7, 29.7, 29.7, 29.7, 29.7, 29.7, 29.71, 29.71, 29.71]
19	30.93	0.0048	10	[30.92, 30.92, 30.92, 30.93, 30.93, 30.93, 30.93, 30.93, 30.93, 30.93]
20	31.78	0.0079	10	[31.77, 31.77, 31.78, 31.78, 31.78, 31.78, 31.79, 31.79, 31.79, 31.79]
21	33.05	0.0000	10	[33.05, 33.05, 33.05, 33.05, 33.05, 33.05, 33.05, 33.05, 33.05, 33.05]
22	33.98	0.0000	10	[33.98, 33.98, 33.98, 33.98, 33.98, 33.98, 33.98, 33.98, 33.98, 33.98]
23	35.16	0.0032	10	[35.16, 35.16, 35.16, 35.16, 35.16, 35.16, 35.16, 35.16, 35.16, 35.17]
24	36.12	0.0070	10	[36.11, 36.12, 36.12, 36.12, 36.12, 36.13, 36.13, 36.13, 36.13, 36.13]
25	37.38	0.0125	10	[37.4, 37.39, 37.39, 37.39, 37.38, 37.38, 37.37, 37.37, 37.37, 37.36]
26	38.17	0.0074	10	[38.16, 38.16, 38.17, 38.17, 38.17, 38.17, 38.17, 38.18, 38.18, 38.18]
27	39.36	0.0042	10	[39.36, 39.36, 39.36, 39.36, 39.36, 39.36, 39.36, 39.36, 39.37, 39.37]
28	40.30	0.0000	10	[40.3, 40.3, 40.3, 40.3, 40.3, 40.3, 40.3, 40.3, 40.3, 40.3]
29	41.60	0.0082	10	[41.61, 41.61, 41.61, 41.61, 41.61, 41.6, 41.6, 41.6, 41.59, 41.59]
30	42.39	0.0000	10	[42.39, 42.39, 42.39, 42.39, 42.39, 42.39, 42.39, 42.39, 42.39, 42.39]
31	43.52	0.0000	10	[43.52, 43.52, 43.52, 43.52, 43.52, 43.52, 43.52, 43.52, 43.52, 43.52]
32	43.53	0.0067	10	[43.52, 43.53, 43.53, 43.53, 43.53, 43.53, 43.54, 43.54, 43.54, 43.54]
33	45.20	0.0000	10	[45.2, 45.2, 45.2, 45.2, 45.2, 45.2, 45.2, 45.2, 45.2, 45.2]
34	46.16	0.0000	10	[46.16, 46.16, 46.16, 46.16, 46.16, 46.16, 46.16, 46.16, 46.16, 46.16]
35	47.36	0.0105	10	[47.35, 47.35, 47.35, 47.35, 47.36, 47.36, 47.36, 47.37, 47.37, 47.38]
36	48.41	0.0048	10	[48.41, 48.41, 48.41, 48.41, 48.41, 48.41, 48.41, 48.4, 48.4, 48.4]
37	49.47	0.0000	10	[49.47, 49.47, 49.47, 49.47, 49.47, 49.47, 49.47, 49.47, 49.47, 49.47]
38	50.40	0.0696	10	[50.2, 50.42, 50.42, 50.42, 50.42, 50.42, 50.42, 50.42, 50.42, 50.42]
39	51.62	0.0000	10	[51.62, 51.62, 51.62, 51.62, 51.62, 51.62, 51.62, 51.62, 51.62, 51.62]
40	52.50	0.0137	10	[52.48, 52.49, 52.49, 52.49, 52.5, 52.5, 52.51, 52.51, 52.52, 52.52]
41	53.77	0.0000	10	[53.77, 53.77, 53.77, 53.77, 53.77, 53.77, 53.77, 53.77, 53.77, 53.77]
42	54.69	0.0000	10	[54.69, 54.69, 54.69, 54.69, 54.69, 54.69, 54.69, 54.69, 54.69, 54.69]
43	55.86	0.1101	10	[55.55, 55.9, 55.9, 55.9, 55.9, 55.9, 55.9, 55.9, 55.89, 55.89]
44	56.78	0.0048	10	[56.78, 56.78, 56.78, 56.78, 56.78, 56.78, 56.78, 56.79, 56.79, 56.79]
45	57.94	0.0085	10	[57.92, 57.93, 57.93, 57.93, 57.93, 57.94, 57.94, 57.94, 57.94, 57.95]
46	58.91	0.0042	10	[58.91, 58.91, 58.91, 58.91, 58.91, 58.91, 58.91, 58.91, 58.92, 58.92]
47	60.00	0.0079	10	[59.99, 59.99, 59.99, 59.99, 60.0, 60.0, 60.0, 60.0, 60.01, 60.01]
48	60.03	0.0103	10	[60.01, 60.02, 60.02, 60.02, 60.03, 60.03, 60.03, 60.04, 60.04, 60.04]
49	61.76	0.0000	10	[61.76, 61.76, 61.76, 61.76, 61.76, 61.76, 61.76, 61.76, 61.76, 61.76]
50	62.69	0.0000	10	[62.69, 62.69, 62.69, 62.69, 62.69, 62.69, 62.69, 62.69, 62.69, 62.69]
51	63.89	0.0000	10	[63.89, 63.89, 63.89, 63.89, 63.89, 63.89, 63.89, 63.89, 63.89, 63.89]
52	64.82	0.0000	10	[64.82, 64.82, 64.82, 64.82, 64.82, 64.82, 64.82, 64.82, 64.82, 64.82]
53	66.03	0.0721	10	[65.82, 66.05, 66.05, 66.05, 66.05, 66.05, 66.05, 66.05, 66.04, 66.04]
54	66.98	0.0000	10	[66.98, 66.98, 66.98, 66.98, 66.98, 66.98, 66.98, 66.98, 66.98, 66.98]
55	68.17	0.0000	10	[68.17, 68.17, 68.17, 68.17, 68.17, 68.17, 68.17, 68.17, 68.17, 68.17]
56	69.10	0.0000	10	[69.1, 69.1, 69.1, 69.1, 69.1, 69.1, 69.1, 69.1, 69.1, 69.1]
57	70.32	0.0000	10	[70.32, 70.32, 70.32, 70.32, 70.32, 70.32, 70.32, 70.32, 70.32, 70.32]
58	71.27	0.0000	10	[71.27, 71.27, 71.27, 71.27, 71.27, 71.27, 71.27, 71.27, 71.27, 71.27]
59	72.46	0.0000	10	[72.46, 72.46, 72.46, 72.46, 72.46, 72.46, 72.46, 72.46, 72.46, 72.46]
60	73.39	0.0000	10	[73.39, 73.39, 73.39, 73.39, 73.39, 73.39, 73.39, 73.39, 73.39, 73.39]
61	74.59	0.0953	10	[74.32, 74.63, 74.62, 74.62, 74.62, 74.62, 74.62, 74.62, 74.62, 74.62]
62	75.52	0.0067	10	[75.51, 75.51, 75.51, 75.51, 75.52, 75.52, 75.52, 75.52, 75.52, 75.53]
63	76.70	0.0000	10	[76.7, 76.7, 76.7, 76.7, 76.7, 76.7, 76.7, 76.7, 76.7, 76.7]
64	76.49	0.0000	10	[76.49, 76.49, 76.49, 76.49, 76.49, 76.49, 76.49, 76.49, 76.49, 76.49]
65	78.10	0.0000	10	[78.1, 78.1, 78.1, 78.1, 78.1, 78.1, 78.1, 78.1, 78.1, 78.1]
66	78.88	0.0171	10	[78.86, 78.86, 78.87, 78.88, 78.88, 78.89, 78.89, 78.9, 78.9, 78.91]
67	80.27	0.0048	10	[80.27, 80.27, 80.27, 80.27, 80.27, 80.27, 80.27, 80.26, 80.26, 80.26]
68	81.21	0.0000	10	[81.21, 81.21, 81.21, 81.21, 81.21, 81.21, 81.21, 81.21, 81.21, 81.21]
69	82.42	0.0042	10	[82.41, 82.41, 82.42, 82.42, 82.42, 82.42, 82.42, 82.42, 82.42, 82.42]
70	83.36	0.0000	10	[83.36, 83.36, 83.36, 83.36, 83.36, 83.36, 83.36, 83.36, 83.36, 83.36]
71	84.45	0.0125	10	[84.43, 84.44, 84.44, 84.44, 84.45, 84.45, 84.46, 84.46, 84.46, 84.47]
72	85.50	0.0000	10	[85.5, 85.5, 85.5, 85.5, 85.5, 85.5, 85.5, 85.5, 85.5, 85.5]
73	86.69	0.0000	10	[86.69, 86.69, 86.69, 86.69, 86.69, 86.69, 86.69, 86.69, 86.69, 86.69]
74	87.65	0.0000	10	[87.65, 87.65, 87.65, 87.65, 87.65, 87.65, 87.65, 87.65, 87.65, 87.65]
75	88.86	0.0000	10	[88.86, 88.86, 88.86, 88.86, 88.86, 88.86, 88.86, 88.86, 88.86, 88.86]
76	89.78	0.0664	10	[89.59, 89.8, 89.8, 89.8, 89.8, 89.8, 89.8, 89.8, 89.8, 89.8]
77	91.00	0.0000	10	[91.0, 91.0, 91.0, 91.0, 91.0, 91.0, 91.0, 91.0, 91.0, 91.0]
78	91.95	0.0117	10	[91.94, 91.94, 91.94, 91.95, 91.95, 91.96, 91.96, 91.96, 91.97, 91.97]
79	93.16	0.0048	10	[93.16, 93.16, 93.16, 93.16, 93.16, 93.16, 93.16, 93.15, 93.15, 93.15]
80	92.89	0.0000	10	[92.89, 92.89, 92.89, 92.89, 92.89, 92.89, 92.89, 92.89, 92.89, 92.89]
81	94.55	0.0000	10	[94.55, 94.55, 94.55, 94.55, 94.55, 94.55, 94.55, 94.55, 94.55, 94.55]
82	95.49	0.0000	10	[95.49, 95.49, 95.49, 95.49, 95.49, 95.49, 95.49, 95.49, 95.49, 95.49]
83	96.68	0.0000	10	[96.68, 96.68, 96.68, 96.68, 96.68, 96.68, 96.68, 96.68, 96.68, 96.68]
84	97.63	0.0000	10	[97.63, 97.63, 97.63, 97.63, 97.63, 97.63, 97.63, 97.63, 97.63, 97.63]
85	98.83	0.0084	10	[98.82, 98.83, 98.83, 98.83, 98.83, 98.83, 98.84, 98.84, 98.84, 98.85]
86	99.83	0.0042	10	[99.83, 99.83, 99.83, 99.83, 99.83, 99.83, 99.83, 99.83, 99.82, 99.82]
87	100.96	0.0042	10	[100.95, 100.95, 100.96, 100.96, 100.96, 100.96, 100.96, 100.96, 100.96, 100.96]
88	101.90	0.0000	10	[101.9, 101.9, 101.9, 101.9, 101.9, 101.9, 101.9, 101.9, 101.9, 101.9]
89	103.05	0.0070	10	[103.04, 103.05, 103.05, 103.05, 103.05, 103.06, 103.06, 103.06, 103.06, 103.06]
90	104.06	0.0052	10	[104.06, 104.06, 104.06, 104.06, 104.06, 104.06, 104.07, 104.07, 104.07, 104.07]
91	105.30	0.0000	10	[105.3, 105.3, 105.3, 105.3, 105.3, 105.3, 105.3, 105.3, 105.3, 105.3]
92	106.21	0.0000	10	[106.21, 106.21, 106.21, 106.21, 106.21, 106.21, 106.21, 106.21, 106.21, 106.21]
93	107.44	0.0000	10	[107.44, 107.44, 107.44, 107.44, 107.44, 107.44, 107.44, 107.44, 107.44, 107.44]
94	108.23	0.0158	10	[108.21, 108.22, 108.22, 108.23, 108.23, 108.24, 108.24, 108.25, 108.25, 108.26]
95	109.52	0.0042	10	[109.52, 109.52, 109.52, 109.52, 109.52, 109.52, 109.52, 109.52, 109.53, 109.53]
96	109.51	0.0082	10	[109.52, 109.52, 109.52, 109.51, 109.51, 109.51, 109.51, 109.5, 109.5, 109.5]
97	111.08	0.0052	10	[111.08, 111.08, 111.08, 111.08, 111.08, 111.08, 111.09, 111.09, 111.09, 111.09]
98	112.09	0.0032	10	[112.09, 112.09, 112.09, 112.09, 112.09, 112.09, 112.09, 112.09, 112.09, 112.08]
99	113.20	0.1107	10	[112.89, 113.24, 113.24, 113.24, 113.24, 113.24, 113.24, 113.24, 113.24, 113.24]
100	114.16	0.0000	10	[114.16, 114.16, 114.16, 114.16, 114.16, 114.16, 114.16, 114.16, 114.16, 114.16]
101	115.37	0.0000	10	[115.37, 115.37, 115.37, 115.37, 115.37, 115.37, 115.37, 115.37, 115.37, 115.37]
102	116.31	0.0000	10	[116.31, 116.31, 116.31, 116.31, 116.31, 116.31, 116.31, 116.31, 116.31, 116.31]
103	117.52	0.0000	10	[117.52, 117.52, 117.52, 117.52, 117.52, 117.52, 117.52, 117.52, 117.52, 117.52]
104	118.45	0.0000	10	[118.45, 118.45, 118.45, 118.45, 118.45, 118.45, 118.45, 118.45, 118.45, 118.45]
105	119.65	0.0000	10	[119.65, 119.65, 119.65, 119.65, 119.65, 119.65, 119.65, 119.65, 119.65, 119.65]
106	120.62	0.0000	10	[120.62, 120.62, 120.62, 120.62, 120.62, 120.62, 120.62, 120.62, 120.62, 120.62]
107	121.81	0.0032	10	[121.8, 121.81, 121.81, 121.81, 121.81, 121.81, 121.81, 121.81, 121.81, 121.81]
108	122.76	0.0000	10	[122.76, 122.76, 122.76, 122.76, 122.76, 122.76, 122.76, 122.76, 122.76, 122.76]
109	123.96	0.0000	10	[123.96, 123.96, 123.96, 123.96, 123.96, 123.96, 123.96, 123.96, 123.96, 123.96]
110	124.90	0.0032	10	[124.89, 124.9, 124.9, 124.9, 124.9, 124.9, 124.9, 124.9, 124.9, 124.9]
111	126.05	0.0000	10	[126.05, 126.05, 126.05, 126.05, 126.05, 126.05, 126.05, 126.05, 126.05, 126.05]
112	125.84	0.0000	10	[125.84, 125.84, 125.84, 125.84, 125.84, 125.84, 125.84, 125.84, 125.84, 125.84]
113	127.48	0.0000	10	[127.48, 127.48, 127.48, 127.48, 127.48, 127.48, 127.48, 127.48, 127.48, 127.48]
114	128.43	0.0000	10	[128.43, 128.43, 128.43, 128.43, 128.43, 128.43, 128.43, 128.43, 128.43, 128.43]
115	129.62	0.0000	10	[129.62, 129.62, 129.62, 129.62, 129.62, 129.62, 129.62, 129.62, 129.62, 129.62]
116	130.57	0.0000	10	[130.57, 130.57, 130.57, 130.57, 130.57, 130.57, 130.57, 130.57, 130.57, 130.57]
117	131.78	0.0052	10	[131.79, 131.79, 131.79, 131.79, 131.78, 131.78, 131.78, 131.78, 131.78, 131.78]
118	132.74	0.0052	10	[132.74, 132.74, 132.74, 132.74, 132.74, 132.74, 132.73, 132.73, 132.73, 132.73]
119	133.89	0.0048	10	[133.89, 133.89, 133.89, 133.89, 133.89, 133.89, 133.89, 133.9, 133.9, 133.9]
120	134.85	0.0000	10	[134.85, 134.85, 134.85, 134.85, 134.85, 134.85, 134.85, 134.85, 134.85, 134.85]
121	136.06	0.0032	10	[136.06, 136.06, 136.06, 136.06, 136.06, 136.06, 136.06, 136.06, 136.06, 136.07]
122	137.01	0.0000	10	[137.01, 137.01, 137.01, 137.01, 137.01, 137.01, 137.01, 137.01, 137.01, 137.01]
123	138.19	0.0053	10	[138.19, 138.19, 138.19, 138.19, 138.19, 138.2, 138.2, 138.2, 138.2, 138.2]
124	139.14	0.0000	10	[139.14, 139.14, 139.14, 139.14, 139.14, 139.14, 139.14, 139.14, 139.14, 139.14]
125	140.29	0.0079	10	[140.28, 140.28, 140.29, 140.29, 140.29, 140.29, 140.3, 140.3, 140.3, 140.3]
126	141.28	0.0052	10	[141.27, 141.27, 141.27, 141.27, 141.28, 141.28, 141.28, 141.28, 141.28, 141.28]
127	142.45	0.0042	10	[142.44, 142.44, 142.45, 142.45, 142.45, 142.45, 142.45, 142.45, 142.45, 142.45]
128	142.23	0.0052	10	[142.23, 142.23, 142.23, 142.23, 142.23, 142.23, 142.22, 142.22, 142.22, 142.22]
129	143.83	0.0000	10	[143.83, 143.83, 143.83, 143.83, 143.83, 143.83, 143.83, 143.83, 143.83, 143.83]
130	144.74	0.1297	10	[144.37, 144.78, 144.78, 144.78, 144.78, 144.78, 144.78, 144.78, 144.78, 144.78]
131	145.99	0.0032	10	[145.99, 145.99, 145.99, 145.99, 145.99, 145.99, 145.99, 145.99, 145.99, 146.0]
132	146.93	0.0000	10	[146.93, 146.93, 146.93, 146.93, 146.93, 146.93, 146.93, 146.93, 146.93, 146.93]
133	148.13	0.0000	10	[148.13, 148.13, 148.13, 148.13, 148.13, 148.13, 148.13, 148.13, 148.13, 148.13]
134	149.08	0.0052	10	[149.07, 149.07, 149.08, 149.08, 149.08, 149.08, 149.08, 149.08, 149.07, 149.07]
135	150.21	0.0838	10	[149.97, 150.23, 150.23, 150.23, 150.23, 150.23, 150.24, 150.24, 150.24, 150.24]
136	151.18	0.0000	10	[151.18, 151.18, 151.18, 151.18, 151.18, 151.18, 151.18, 151.18, 151.18, 151.18]
137	152.39	0.0000	10	[152.39, 152.39, 152.39, 152.39, 152.39, 152.39, 152.39, 152.39, 152.39, 152.39]
138	153.35	0.0052	10	[153.34, 153.34, 153.34, 153.34, 153.35, 153.35, 153.35, 153.35, 153.35, 153.35]
139	154.54	0.0000	10	[154.54, 154.54, 154.54, 154.54, 154.54, 154.54, 154.54, 154.54, 154.54, 154.54]
140	155.49	0.0000	10	[155.49, 155.49, 155.49, 155.49, 155.49, 155.49, 155.49, 155.49, 155.49, 155.49]
141	156.70	0.0052	10	[156.7, 156.7, 156.7, 156.7, 156.7, 156.7, 156.69, 156.69, 156.69, 156.69]
142	157.60	0.0067	10	[157.59, 157.59, 157.59, 157.59, 157.6, 157.6, 157.6, 157.6, 157.6, 157.61]
143	158.81	0.0000	10	[158.81, 158.81, 158.81, 158.81, 158.81, 158.81, 158.81, 158.81, 158.81, 158.81]
144	158.46	0.0000	10	[158.46, 158.46, 158.46, 158.46, 158.46, 158.46, 158.46, 158.46, 158.46, 158.46]
145	160.09	0.0000	10	[160.09, 160.09, 160.09, 160.09, 160.09, 160.09, 160.09, 160.09, 160.09, 160.09]
146	161.04	0.0000	10	[161.04, 161.04, 161.04, 161.04, 161.04, 161.04, 161.04, 161.04, 161.04, 161.04]
147	162.11	0.0088	10	[162.1, 162.1, 162.1, 162.1, 162.11, 162.11, 162.11, 162.12, 162.12, 162.12]
148	163.13	0.0032	10	[163.12, 163.13, 163.13, 163.13, 163.13, 163.13, 163.13, 163.13, 163.13, 163.13]
149	164.33	0.0032	10	[164.33, 164.33, 164.33, 164.33, 164.33, 164.33, 164.33, 164.33, 164.33, 164.32]
150	165.27	0.0000	10	[165.27, 165.27, 165.27, 165.27, 165.27, 165.27, 165.27, 165.27, 165.27, 165.27]
151	166.48	0.0000	10	[166.48, 166.48, 166.48, 166.48, 166.48, 166.48, 166.48, 166.48, 166.48, 166.48]
152	167.36	0.0082	10	[167.35, 167.35, 167.35, 167.36, 167.36, 167.36, 167.36, 167.37, 167.37, 167.37]
153	168.63	0.0664	10	[168.44, 168.65, 168.65, 168.65, 168.65, 168.65, 168.65, 168.65, 168.65, 168.65]
154	169.57	0.0042	10	[169.57, 169.57, 169.57, 169.57, 169.57, 169.57, 169.57, 169.57, 169.56, 169.56]
155	170.69	0.0042	10	[170.69, 170.69, 170.69, 170.69, 170.69, 170.69, 170.69, 170.69, 170.7, 170.7]
156	171.79	0.0000	10	[171.79, 171.79, 171.79, 171.79, 171.79, 171.79, 171.79, 171.79, 171.79, 171.79]
157	173.00	0.0000	10	[173.0, 173.0, 173.0, 173.0, 173.0, 173.0, 173.0, 173.0, 173.0, 173.0]
158	173.92	0.0052	10	[173.91, 173.91, 173.91, 173.91, 173.92, 173.92, 173.92, 173.92, 173.92, 173.92]
159	175.09	0.0000	10	[175.09, 175.09, 175.09, 175.09, 175.09, 175.09, 175.09, 175.09, 175.09, 175.09]
160	174.63	0.0693	10	[174.83, 174.61, 174.61, 174.61, 174.61, 174.61, 174.61, 174.61, 174.61, 174.62]
161	176.36	0.0000	10	[176.36, 176.36, 176.36, 176.36, 176.36, 176.36, 176.36, 176.36, 176.36, 176.36]
162	177.32	0.0000	10	[177.32, 177.32, 177.32, 177.32, 177.32, 177.32, 177.32, 177.32, 177.32, 177.32]
163	178.52	0.0000	10	[178.52, 178.52, 178.52, 178.52, 178.52, 178.52, 178.52, 178.52, 178.52, 178.52]
164	179.47	0.0000	10	[179.47, 179.47, 179.47, 179.47, 179.47, 179.47, 179.47, 179.47, 179.47, 179.47]
165	180.65	0.0000	10	[180.65, 180.65, 180.65, 180.65, 180.65, 180.65, 180.65, 180.65, 180.65, 180.65]
166	181.59	0.0000	10	[181.59, 181.59, 181.59, 181.59, 181.59, 181.59, 181.59, 181.59, 181.59, 181.59]
167	182.65	0.0048	10	[182.64, 182.64, 182.64, 182.65, 182.65, 182.65, 182.65, 182.65, 182.65, 182.65]
168	183.71	0.1420	10	[183.54, 183.54, 183.55, 183.55, 183.82, 183.82, 183.82, 183.82, 183.82, 183.82]
169	185.00	0.0052	10	[184.99, 184.99, 184.99, 184.99, 185.0, 185.0, 185.0, 185.0, 185.0, 185.0]
170	185.97	0.0000	10	[185.97, 185.97, 185.97, 185.97, 185.97, 185.97, 185.97, 185.97, 185.97, 185.97]
171	187.16	0.0000	10	[187.16, 187.16, 187.16, 187.16, 187.16, 187.16, 187.16, 187.16, 187.16, 187.16]
172	188.11	0.0000	10	[188.11, 188.11, 188.11, 188.11, 188.11, 188.11, 188.11, 188.11, 188.11, 188.11]
173	189.32	0.0000	10	[189.32, 189.32, 189.32, 189.32, 189.32, 189.32, 189.32, 189.32, 189.32, 189.32]
174	190.26	0.0032	10	[190.25, 190.26, 190.26, 190.26, 190.26, 190.26, 190.26, 190.26, 190.26, 190.26]
175	191.39	0.0000	10	[191.39, 191.39, 191.39, 191.39, 191.39, 191.39, 191.39, 191.39, 191.39, 191.39]
176	191.17	0.0775	10	[191.39, 191.15, 191.15, 191.15, 191.15, 191.15, 191.14, 191.14, 191.14, 191.14]
177	192.76	0.0063	10	[192.75, 192.75, 192.75, 192.76, 192.76, 192.76, 192.76, 192.76, 192.76, 192.77]
178	193.74	0.0000	10	[193.74, 193.74, 193.74, 193.74, 193.74, 193.74, 193.74, 193.74, 193.74, 193.74]
179	194.89	0.0672	10	[194.91, 194.91, 194.91, 194.91, 194.91, 194.92, 194.92, 194.91, 194.91, 194.7]
180	195.68	0.0108	10	[195.66, 195.66, 195.67, 195.67, 195.67, 195.68, 195.68, 195.68, 195.69, 195.69]
181	196.99	0.1170	10	[196.66, 197.03, 197.03, 197.03, 197.03, 197.03, 197.03, 197.03, 197.03, 197.03]
182	197.97	0.0116	10	[197.98, 197.98, 197.98, 197.97, 197.97, 197.97, 197.96, 197.96, 197.95, 197.95]
183	199.03	0.0721	10	[199.0, 199.0, 199.0, 199.0, 199.0, 199.0, 199.0, 199.01, 199.01, 199.23]
184	200.17	0.0000	10	[200.17, 200.17, 200.17, 200.17, 200.17, 200.17, 200.17, 200.17, 200.17, 200.17]
185	201.33	0.0000	10	[201.33, 201.33, 201.33, 201.33, 201.33, 201.33, 201.33, 201.33, 201.33, 201.33]
186	202.31	0.0000	10	[202.31, 202.31, 202.31, 202.31, 202.31, 202.31, 202.31, 202.31, 202.31, 202.31]
187	203.37	0.0052	10	[203.38, 203.37, 203.37, 203.37, 203.37, 203.37, 203.37, 203.38, 203.38, 203.38]
188	204.40	0.0000	10	[204.4, 204.4, 204.4, 204.4, 204.4, 204.4, 204.4, 204.4, 204.4, 204.4]
189	205.59	0.0000	10	[205.59, 205.59, 205.59, 205.59, 205.59, 205.59, 205.59, 205.59, 205.59, 205.59]
190	206.54	0.0902	10	[206.37, 206.37, 206.59, 206.59, 206.59, 206.58, 206.58, 206.58, 206.58, 206.58]
191	207.50	0.0949	10	[207.23, 207.53, 207.53, 207.53, 207.53, 207.53, 207.53, 207.53, 207.53, 207.53]
192	207.31	0.0057	10	[207.32, 207.32, 207.31, 207.31, 207.31, 207.31, 207.31, 207.31, 207.31, 207.3]
193	208.88	0.0053	10	[208.88, 208.88, 208.88, 208.88, 208.88, 208.87, 208.87, 208.87, 208.87, 208.87]
194	209.81	0.0000	10	[209.81, 209.81, 209.81, 209.81, 209.81, 209.81, 209.81, 209.81, 209.81, 209.81]
195	211.02	0.0000	10	[211.02, 211.02, 211.02, 211.02, 211.02, 211.02, 211.02, 211.02, 211.02, 211.02]
196	211.95	0.0000	10	[211.95, 211.95, 211.95, 211.95, 211.95, 211.95, 211.95, 211.95, 211.95, 211.95]
197	213.14	0.0063	10	[213.13, 213.13, 213.13, 213.14, 213.14, 213.14, 213.14, 213.14, 213.14, 213.15]
198	214.16	0.0048	10	[214.15, 214.15, 214.16, 214.15, 214.16, 214.16, 214.16, 214.16, 214.16, 214.16]
199	215.34	0.0071	10	[215.33, 215.34, 215.34, 215.34, 215.35, 215.35, 215.35, 215.35, 215.35, 215.35]
200	216.32	0.0949	10	[216.51, 216.5, 216.28, 216.28, 216.28, 216.28, 216.28, 216.28, 216.28, 216.28]
201	217.43	0.0000	10	[217.43, 217.43, 217.43, 217.43, 217.43, 217.43, 217.43, 217.43, 217.43, 217.43]
202	218.39	0.0048	10	[218.38, 218.38, 218.38, 218.39, 218.39, 218.39, 218.39, 218.39, 218.39, 218.39]
203	219.59	0.0000	10	[219.59, 219.59, 219.59, 219.59, 219.59, 219.59, 219.59, 219.59, 219.59, 219.59]
204	220.40	0.0149	10	[220.38, 220.38, 220.39, 220.39, 220.4, 220.4, 220.41, 220.41, 220.42, 220.42]
205	221.72	0.0000	10	[221.72, 221.72, 221.72, 221.72, 221.72, 221.72, 221.72, 221.72, 221.72, 221.72]
206	222.69	0.0053	10	[222.7, 222.7, 222.7, 222.7, 222.7, 222.69, 222.69, 222.69, 222.69, 222.69]
207	223.78	0.0052	10	[223.78, 223.78, 223.78, 223.78, 223.78, 223.78, 223.79, 223.79, 223.79, 223.79]
208	223.53	0.0053	10	[223.53, 223.53, 223.53, 223.53, 223.53, 223.52, 223.52, 223.52, 223.52, 223.52]
209	225.00	0.0143	10	[224.98, 224.99, 224.99, 225.0, 225.0, 225.01, 225.01, 225.02, 225.02, 225.02]
210	226.08	0.0000	10	[226.08, 226.08, 226.08, 226.08, 226.08, 226.08, 226.08, 226.08, 226.08, 226.08]
211	227.23	0.0042	10	[227.23, 227.23, 227.23, 227.23, 227.23, 227.23, 227.23, 227.23, 227.24, 227.24]
212	228.16	0.0074	10	[228.15, 228.15, 228.16, 228.16, 228.16, 228.16, 228.16, 228.17, 228.17, 228.17]
213	229.36	0.0032	10	[229.36, 229.36, 229.36, 229.36, 229.36, 229.36, 229.36, 229.36, 229.36, 229.35]
214	230.12	0.0164	10	[230.09, 230.1, 230.1, 230.11, 230.12, 230.12, 230.13, 230.13, 230.13, 230.14]
215	231.41	0.0000	10	[231.41, 231.41, 231.41, 231.41, 231.41, 231.41, 231.41, 231.41, 231.41, 231.41]
216	232.37	0.0000	10	[232.37, 232.37, 232.37, 232.37, 232.37, 232.37, 232.37, 232.37, 232.37, 232.37]
217	233.56	0.0000	10	[233.56, 233.56, 233.56, 233.56, 233.56, 233.56, 233.56, 233.56, 233.56, 233.56]
218	234.51	0.0048	10	[234.51, 234.51, 234.51, 234.51, 234.51, 234.51, 234.51, 234.52, 234.52, 234.52]
219	235.74	0.1170	10	[235.41, 235.78, 235.78, 235.78, 235.78, 235.78, 235.78, 235.78, 235.78, 235.78]
220	236.72	0.0000	10	[236.72, 236.72, 236.72, 236.72, 236.72, 236.72, 236.72, 236.72, 236.72, 236.72]
221	237.86	0.0000	10	[237.86, 237.86, 237.86, 237.86, 237.86, 237.86, 237.86, 237.86, 237.86, 237.86]
222	238.79	0.0000	10	[238.79, 238.79, 238.79, 238.79, 238.79, 238.79, 238.79, 238.79, 238.79, 238.79]
223	240.00	0.0000	10	[240.0, 240.0, 240.0, 240.0, 240.0, 240.0, 240.0, 240.0, 240.0, 240.0]
224	239.38	0.0000	10	[239.38, 239.38, 239.38, 239.38, 239.38, 239.38, 239.38, 239.38, 239.38, 239.38]
225	240.95	0.0032	10	[240.94, 240.95, 240.95, 240.95, 240.95, 240.95, 240.95, 240.95, 240.95, 240.95]
226	241.92	0.0000	10	[241.92, 241.92, 241.92, 241.92, 241.92, 241.92, 241.92, 241.92, 241.92, 241.92]
227	243.07	0.0000	10	[243.07, 243.07, 243.07, 243.07, 243.07, 243.07, 243.07, 243.07, 243.07, 243.07]
228	244.03	0.0000	10	[244.03, 244.03, 244.03, 244.03, 244.03, 244.03, 244.03, 244.03, 244.03, 244.03]
229	245.22	0.0032	10	[245.22, 245.21, 245.22, 245.22, 245.22, 245.22, 245.22, 245.22, 245.22, 245.22]
230	246.19	0.0000	10	[246.19, 246.19, 246.19, 246.19, 246.19, 246.19, 246.19, 246.19, 246.19, 246.19]
231	247.35	0.0000	10	[247.35, 247.35, 247.35, 247.35, 247.35, 247.35, 247.35, 247.35, 247.35, 247.35]
232	248.16	0.0166	10	[248.13, 248.14, 248.15, 248.15, 248.16, 248.16, 248.17, 248.17, 248.18, 248.18]
233	249.47	0.0000	10	[249.47, 249.47, 249.47, 249.47, 249.47, 249.47, 249.47, 249.47, 249.47, 249.47]
234	250.38	0.0048	10	[250.38, 250.38, 250.38, 250.38, 250.38, 250.38, 250.38, 250.39, 250.39, 250.39]
235	251.57	0.0042	10	[251.57, 251.57, 251.57, 251.57, 251.57, 251.57, 251.57, 251.57, 251.56, 251.56]
236	252.48	0.0032	10	[252.48, 252.48, 252.48, 252.48, 252.48, 252.48, 252.48, 252.48, 252.48, 252.49]
237	253.65	0.1170	10	[253.32, 253.69, 253.69, 253.69, 253.69, 253.69, 253.69, 253.69, 253.69, 253.69]
238	254.66	0.0000	10	[254.66, 254.66, 254.66, 254.66, 254.66, 254.66, 254.66, 254.66, 254.66, 254.66]
239	255.77	0.0000	10	[255.77, 255.77, 255.77, 255.77, 255.77, 255.77, 255.77, 255.77, 255.77, 255.77]
240	254.98	0.1014	10	[255.04, 255.04, 255.04, 255.04, 255.04, 255.04, 255.04, 254.83, 254.83, 254.83]
241	256.31	0.1897	10	[255.77, 256.37, 256.37, 256.37, 256.37, 256.37, 256.37, 256.37, 256.37, 256.37]
242	257.32	0.1107	10	[257.01, 257.36, 257.36, 257.36, 257.36, 257.36, 257.36, 257.36, 257.36, 257.36]
243	258.45	0.1423	10	[258.05, 258.5, 258.5, 258.5, 258.5, 258.5, 258.5, 258.5, 258.5, 258.5]
244	259.42	0.0000	10	[259.42, 259.42, 259.42, 259.42, 259.42, 259.42, 259.42, 259.42, 259.42, 259.42]
245	260.51	0.0000	10	[260.51, 260.51, 260.51, 260.51, 260.51, 260.51, 260.51, 260.51, 260.51, 260.51]
246	261.43	0.0110	10	[261.42, 261.42, 261.42, 261.42, 261.42, 261.43, 261.43, 261.44, 261.44, 261.45]
247	262.67	0.0052	10	[262.67, 262.67, 262.67, 262.67, 262.67, 262.67, 262.68, 262.68, 262.68, 262.68]
248	263.66	0.0032	10	[263.65, 263.66, 263.66, 263.66, 263.66, 263.66, 263.66, 263.66, 263.66, 263.66]
249	264.73	0.0032	10	[264.73, 264.73, 264.73, 264.73, 264.73, 264.73, 264.73, 264.73, 264.74, 264.73]
250	265.65	0.0063	10	[265.64, 265.64, 265.64, 265.65, 265.65, 265.65, 265.65, 265.65, 265.65, 265.66]
251	266.74	0.0048	10	[266.74, 266.74, 266.74, 266.74, 266.75, 266.75, 266.74, 266.74, 266.74, 266.75]
252	267.64	0.0052	10	[267.63, 267.63, 267.63, 267.64, 267.64, 267.64, 267.64, 267.64, 267.64, 267.63]
253	268.59	0.0000	10	[268.59, 268.59, 268.59, 268.59, 268.59, 268.59, 268.59, 268.59, 268.59, 268.59]
254	269.52	0.0000	10	[269.52, 269.52, 269.52, 269.52, 269.52, 269.52, 269.52, 269.52, 269.52, 269.52]
255	270.45	0.0000	10	[270.45, 270.45, 270.45, 270.45, 270.45, 270.45, 270.45, 270.45, 270.45, 270.45]
256	0.19	0.0000	10	[0.19, 0.19, 0.19, 0.19, 0.19, 0.19, 0.19, 0.19, 0.19, 0.19]
# Ended on:  2021-07-17 20:40:56.533143
